3258 0
4310 1
4963 1
543 0
3804 1
3790 1
284 1
4062 1
2197 1
3543 0
487 1
1158 0
2799 0
3484 1
574 1
1957 0
2836 0
2690 1
2369 1
2871 1
287 1
15 1
4049 1
680 1
3606 0
1874 0
3612 1
56 0
259 0
1543 0
3484 1
1456 1
4415 0
175 0
4613 1
3489 0
1788 0
1341 1
4284 0
347 1
1509 1
3927 1
2070 1
3313 0
3427 0
4751 1
4147 1
2444 1
2876 1
3940 1
1264 0
3732 1
4773 0
3721 1
2610 0
3711 0
1271 0
4049 1
1279 0
1988 0
2147 0
1435 1
1297 0
2184 1
329 1
894 0
2554 0
3618 1
2918 0
550 1
1879 0
1829 1
4258 0
2300 1
1206 1
749 0
3717 1
1953 1
153 1
3424 0
1710 1
4338 1
507 0
2578 1
3454 1
3426 0
787 0
738 0
1053 0
3217 1
79 0
3547 0
171 1
139 1
3819 0
1394 0
2322 1
1266 0
2995 0
3351 0
727 0
2643 0
176 1
3451 0
4246 0
273 1
228 0
988 1
3773 0
2576 1
1182 1
33 0
1017 0
1349 0
3329 0
4483 0
3240 0
2865 0
3207 0
4346 0
1212 0
1131 1
988 0
1018 1
4243 0
1359 0
3294 1
683 0
1160 0
2629 1
2357 1
1156 1
273 1
1632 1
2551 0
3101 1
4193 1
4010 1
1475 0
2446 1
3662 0
4343 1
4469 0
507 1
4530 1
3114 1
488 1
2376 0
1653 0
3329 0
2424 0
1065 1
2416 1
514 0
664 1
976 0
4382 1
3615 1
4769 1
3448 1
4756 0
2117 0
308 0
2032 1
4710 0
4461 1
2686 0
4404 0
2470 1
2075 1
379 0
3907 0
3230 0
4757 1
2757 1
243 1
3434 1
4570 0
3676 0
2253 0
1306 0
1213 1
1548 0
2127 0
1319 1
2293 1
3636 0
2906 1
3305 1
460 1
4389 0
186 1
2282 1
1575 1
3603 0
4259 0
4188 1
1948 0
599 0
933 0
2541 1
2387 1
2843 1
3716 1
3682 0
23 0
484 0
2862 1
146 0
4819 0
3739 0
3807 0
3063 0
4374 1
881 0
2544 1
2541 0
4076 0
4791 1
1568 1
2837 1
836 0
3368 0
4965 1
1945 0
232 1
406 1
4859 0
905 1
857 0
3051 0
3277 0
390 1
2200 0
4687 0
960 1
1156 1
78 0
349 1
4071 0
1631 0
3072 0
3120 1
3970 1
4812 1
2436 1
4218 1
3001 1
2115 1
729 0
1333 0
2913 1
1543 0
4057 0
617 1
196 0
4317 0
676 1
2865 0
1521 1
3421 1
2573 1
95 0
156 0
2185 1
1770 0
3766 1
4389 0
4913 1
19 0
4589 0
659 0
2982 0
2030 0
3576 1
3788 1
1299 0
4831 1
1999 1
52 0
4685 1
3484 0
2680 0
1724 1
10 1
2535 0
1852 0
449 0
1929 1
2383 1
3161 1
1174 0
71 1
2025 0
1534 1
1793 0
3215 1
3198 1
1871 0
586 0
2626 1
2578 0
417 1
4712 0
4625 1
4203 0
2322 1
4950 1
2735 0
2168 1
1757 1
3193 0
4238 0
3571 0
370 1
696 0
3630 0
3826 0
4006 1
4098 1
3338 0
4121 1
1383 1
758 0
3751 0
1092 1
3239 1
3185 0
2029 1
1292 0
2266 0
1748 1
2966 1
1297 0
466 1
3307 0
1401 0
3521 1
4204 0
3255 1
3558 1
1168 0
3633 0
1980 0
2463 0
766 1
1612 1
3330 0
3090 1
607 0
2727 0
64 0
4047 0
3265 1
570 1
2558 0
2220 1
2278 1
785 0
4220 0
3882 0
681 0
3853 0
2777 1
4991 0
3203 0
3650 0
3199 1
4558 0
2300 0
2985 1
608 0
1290 1
3763 1
4849 1
1675 0
674 0
1930 1
2720 1
2823 0
795 0
1782 0
3350 1
3495 0
1446 0
740 1
3359 1
2341 1
3292 1
3076 1
440 1
4577 0
3459 0
1994 0
3919 1
1596 1
4899 0
513 0
4712 0
2510 0
3860 1
4645 1
952 1
3220 0
4444 0
3737 0
2399 1
3703 1
1175 1
4743 0
3218 1
1161 1
2421 0
1367 1
4739 0
995 1
3481 1
819 1
3980 1
1381 0
1688 0
4660 1
1137 1
1298 0
412 1
111 0
3732 0
3100 0
651 1
4639 0
1049 1
341 0
2628 0
3019 0
2904 0
1384 0
871 0
1383 0
760 0
2025 0
75 0
2507 0
4760 1
1314 1
1426 1
4857 0
4292 1
4710 0
4063 0
1232 1
2130 0
4263 1
1365 1
2714 1
4681 1
1001 0
3227 0
1268 1
467 0
2455 0
1240 0
722 0
3863 0
1509 1
3162 1
2598 1
3062 0
2350 1
3861 0
4256 0
2507 1
4650 0
118 1
2778 1
4853 1
3831 1
3897 1
4330 1
1338 1
3392 0
4932 0
3849 0
4204 0
3773 1
2616 1
2959 0
4639 0
3562 1
4881 0
3046 0
4277 0
3532 1
2783 0
3640 1
53 0
2678 1
4374 1
4332 1
2727 1
4348 0
2487 0
3172 0
2622 0
4587 1
2131 1
4941 0
863 1
2287 1
4039 1
4092 1
430 0
4678 0
571 1
4329 1
4416 1
1461 0
1925 1
2522 0
3650 1
4305 1
622 1
221 0
3707 0
2514 1
2086 0
724 0
5 1
2732 1
441 1
2411 0
1032 1
2382 0
2117 0
612 1
2764 0
525 0
3000 1
3183 1
4226 0
118 0
4952 0
549 1
1677 0
4283 1
1984 0
3893 1
1507 1
1410 1
4075 0
4343 1
4627 0
221 1
2007 0
1225 0
4715 0
1317 0
4324 1
636 1
2811 1
122 1
3719 0
3832 0
266 0
3772 1
1040 1
1704 0
183 1
945 0
1214 0
4686 1
135 0
4891 0
3613 0
3336 1
3772 0
3686 0
3894 1
3036 1
1270 1
3043 1
3263 0
2359 1
1355 0
1018 1
982 1
2890 1
1560 1
3764 1
227 1
3154 0
4854 0
1560 1
2490 0
4419 0
4783 1
390 1
488 0
112 0
4604 1
1658 0
2666 0
3485 1
2047 1
2254 0
3759 0
1296 0
2282 1
2133 1
3912 0
3307 1
432 1
190 1
2785 1
4420 1
689 0
1098 1
3410 0
175 0
1625 0
1337 0
2164 0
1822 1
3805 0
3066 1
3194 0
4120 0
1 1
1552 0
2519 1
262 0
3653 1
1544 0
1821 0
3581 0
1847 1
3105 1
4194 1
2746 0
3012 0
4774 0
3368 1
3465 0
769 0
3683 0
816 1
1963 0
4092 0
614 0
403 0
100 1
3064 0
1383 0
4743 1
3 0
4648 1
1371 0
778 1
1577 0
4476 0
2494 1
1084 1
3469 1
3599 0
4680 0
3620 0
3028 0
4042 0
352 0
2818 0
4158 0
4370 0
4877 0
4028 0
692 0
4222 1
2867 1
4928 1
2465 0
4981 0
1211 1
3946 1
1397 1
598 1
2447 1
4612 0
3318 0
3690 0
1547 0
4377 1
1462 1
4204 0
4961 0
1616 1
4607 0
3068 0
72 0
4297 1
1098 0
1726 1
3837 0
2284 1
3883 1
3535 1
249 1
3268 0
4773 0
935 1
4771 1
1822 1
2759 0
3341 1
1306 0
1115 0
1034 0
3753 0
4486 0
3400 1
1776 0
3357 0
3836 0
2459 0
3959 1
1913 1
4989 0
4457 0
208 0
174 1
1778 1
2409 1
3844 1
2566 0
2952 1
4051 0
3312 0
3574 0
1229 0
4780 1
3625 0
2926 0
4517 1
3707 0
39 1
767 1
4332 0
1281 1
3249 1
1771 1
3058 0
2684 0
1453 1
2163 1
615 1
1308 1
4926 1
1267 1
2189 1
1346 1
2685 1
3699 0
3551 0
2461 1
4436 0
4701 1
731 0
867 0
1406 0
3597 1
1157 1
814 0
2394 0
4332 1
3327 1
1869 0
25 1
4003 0
2895 1
21 0
2047 1
768 1
1006 0
2358 1
3000 1
1795 0
1315 1
4250 1
1736 0
3521 0
3108 0
4447 1
253 1
2391 1
135 0
4257 1
1523 0
4236 1
3510 0
4047 0
3980 1
400 0
2690 1
1084 0
3424 1
3708 0
2718 1
1995 1
310 1
4023 1
3362 1
4881 1
212 1
4099 1
954 1
2713 0
3287 0
1809 1
4260 1
1457 0
843 0
3849 0
1157 1
2566 1
2413 0
73 0
689 1
3795 0
1096 0
600 1
1552 1
1346 0
2615 0
3436 0
2203 1
4531 0
1662 0
2371 0
2695 1
3932 0
1558 0
3032 1
4866 1
2647 1
2901 1
3089 0
2003 1
659 1
1931 0
2439 1
4834 1
468 0
1793 1
2071 1
3186 1
2585 0
2730 1
1366 0
1926 0
374 0
1951 1
354 0
4971 1
471 0
4837 1
2047 0
2196 0
1025 0
4649 0
2618 0
3075 0
2494 1
940 0
4488 1
1490 1
2221 0
3195 0
244 0
3226 0
1106 1
3155 1
3111 1
1784 0
4984 0
4290 0
4469 1
264 1
525 1
3346 1
962 0
882 1
4704 1
1300 0
4162 0
1320 1
529 0
3288 1
3175 1
592 1
1682 0
534 0
2370 1
2158 0
1758 1
4408 1
1840 1
3284 0
4220 1
1451 1
1122 0
1269 1
4906 1
3498 0
3219 0
1396 1
1954 1
1116 0
3049 0
3511 0
779 0
206 0
1448 1
2178 1
1332 0
2711 1
3971 0
4808 1
2307 0
4078 1
2277 1
4026 1
4722 1
1710 1
2167 1
1510 1
3514 1
1375 0
1249 1
1437 0
4991 1
3104 1
872 1
430 0
761 0
2914 0
3316 0
2760 1
2032 0
753 1
4554 1
2341 0
4500 0
3643 1
739 1
3254 0
1592 0
4710 1
658 1
2649 1
4461 0
3184 0
267 1
2511 0
3842 1
3178 0
564 0
2005 0
3741 0
1475 1
1818 1
2353 1
66 0
3820 1
3688 1
4964 1
591 0
4071 0
2862 1
3963 1
4759 0
485 0
4316 1
2734 0
2571 0
2579 1
4107 0
4167 1
2941 0
679 0
1832 1
1639 1
1461 0
4224 0
984 1
2144 0
3915 0
2076 1
4507 0
2849 0
3860 0
1810 1
4950 1
4464 1
1920 0
49 0
37 1
2563 0
2291 0
3427 1
3475 1
3293 0
4553 0
3325 1
1532 0
1139 1
1602 1
1064 1
1631 1
2148 1
2025 0
3655 0
239 0
4913 0
710 0
3510 0
263 1
2928 1
3525 0
230 0
3780 1
1803 1
2023 1
4640 0
4748 0
4909 1
1690 0
1540 1
2486 1
812 1
2497 0
3735 0
2477 1
281 1
4269 1
3765 0
3233 0
4785 0
4787 1
1614 0
3917 1
608 1
553 1
2122 1
4968 1
1560 0
2544 0
1954 0
4272 0
2632 1
3159 0
757 0
4451 0
2211 0
1138 1
614 1
4919 1
1393 0
4618 0
3246 0
4098 0
3276 0
1331 0
2397 0
789 0
128 1
4645 1
655 1
467 1
4753 0
4334 1
2405 0
2979 1
970 0
4087 0
1367 0
1509 1
3095 0
621 0
2001 1
1590 0
1410 1
2029 0
2950 0
3407 1
1709 1
1561 0
3469 0
876 0
683 0
3704 1
874 0
2963 0
725 1
4975 0
696 1
485 1
4495 1
1430 1
3499 1
1327 0
197 1
4019 0
395 1
3116 1
1258 0
3091 1
3802 1
2061 0
3553 1
4821 1
3042 0
4543 0
4896 1
1060 0
877 0
1694 1
1809 0
3549 0
4504 1
4205 0
562 1
2636 1
116 0
3118 1
2797 1
1749 1
4462 0
3966 0
2950 0
2342 0
2635 1
4368 1
2966 1
106 1
3899 0
4530 0
3033 1
1054 0
2589 1
1540 0
4527 1
4904 0
4574 0
1966 0
1130 0
4394 1
1125 1
3957 1
574 1
4700 1
577 1
2185 1
4489 0
4645 0
207 0
2745 0
116 1
4849 0
3499 0
1899 0
1952 1
3040 1
4465 0
876 1
3940 0
3228 1
1425 0
4868 1
375 1
3288 0
2406 0
2247 0
3346 1
4038 1
844 0
3884 1
4298 1
2553 0
171 0
4322 0
712 0
3593 1
15 1
4669 1
4450 0
3281 1
4369 1
3536 1
3877 1
3552 0
4030 0
4205 0
2274 1
4636 0
4991 0
171 1
1418 0
2746 0
1300 0
152 0
2235 0
4606 0
2766 1
4514 0
3720 1
2025 1
3358 0
1688 0
2943 0
4451 0
4544 1
4845 1
2831 0
3026 0
4201 0
3544 0
2419 1
779 0
1592 1
1400 0
3470 1
1171 0
288 0
3259 1
2725 0
450 0
487 1
1627 1
2421 1
2821 1
702 1
2118 1
4226 0
3452 0
4580 0
203 1
3692 1
595 0
286 1
2183 1
1863 0
4846 1
3965 1
1520 0
1377 0
47 0
2704 1
2624 1
3167 1
1082 0
4803 0
4490 1
3713 0
4959 0
453 1
4928 0
2987 0
2650 0
2441 1
3804 0
4393 0
2566 0
2611 1
4227 1
2255 1
1112 1
4546 0
916 0
1092 1
2927 0
3409 1
1310 1
1275 1
3700 1
3729 0
3228 1
22 1
757 0
2303 0
2040 0
4955 0
3241 0
1586 1
24 0
2949 0
290 1
2107 1
4851 0
2146 0
1974 0
2923 0
2308 1
1793 0
1531 1
36 0
3731 0
4695 1
3932 0
3416 0
116 1
545 0
3955 1
2664 1
509 0
2140 0
2978 0
2903 1
4989 1
1571 1
2999 0
2235 1
2379 0
2332 1
483 0
713 0
449 0
2015 0
1638 1
2220 1
2882 0
1581 0
3640 1
4577 1
359 1
4605 0
4768 0
4322 0
298 0
4477 0
991 0
1125 0
3285 0
346 0
2834 1
1801 1
1160 1
4187 0
841 0
4570 1
4393 0
1670 1
3596 1
112 1
4968 0
3864 0
2706 1
3184 1
2841 0
1575 1
4944 0
3866 0
2652 0
2014 0
1869 0
1129 0
174 0
2935 1
3989 0
16 1
615 0
4172 0
2767 1
1347 1
3139 0
3309 0
2142 0
3323 0
1396 1
3886 1
842 1
896 0
2877 0
2986 1
828 0
356 0
4240 1
3451 1
2453 0
1857 1
2990 0
3730 0
1566 0
4970 0
923 1
3040 1
556 1
2104 0
3189 1
993 0
32 0
98 1
4562 1
3129 0
975 1
1280 1
1184 1
4533 1
917 1
2272 0
1340 1
4006 1
2016 0
2968 0
607 0
4594 0
2599 0
3510 0
4499 1
4890 1
1740 1
4310 1
2725 0
2386 1
3893 1
1817 1
4532 0
3803 0
3067 1
1124 1
4511 0
1669 1
1948 0
1065 0
1228 0
1562 1
1222 1
3690 0
678 1
2352 0
482 1
561 1
1575 1
4334 1
1334 0
3540 0
2281 0
2477 0
3465 0
965 1
4636 1
847 1
4035 0
3698 1
4984 1
4595 0
2362 0
1045 1
1352 1
2160 1
2426 1
3245 1
2036 0
3078 0
502 1
1846 0
3351 0
1878 1
1238 1
1860 0
4713 0
1681 0
515 0
1100 1
1364 0
609 0
4319 0
3619 1
3670 0
4342 1
4467 0
4803 1
3609 0
3824 1
4394 1
4016 0
3524 0
2232 0
4414 0
2595 1
2557 1
3127 1
55 0
1325 1
869 0
2337 0
830 1
1630 1
2326 0
792 0
4448 1
4700 0
4698 1
4472 0
297 0
4447 0
4833 1
4057 0
4207 1
37 1
4822 1
2655 0
307 0
3004 0
3503 1
4149 0
3800 1
3880 0
3273 1
1381 0
1406 0
2454 1
4838 0
109 0
3039 0
4870 0
1129 0
4326 1
233 0
1725 1
1213 0
804 1
3317 0
1466 0
1767 0
4173 0
4410 1
1120 1
1959 0
1958 1
4033 0
1869 1
608 0
1968 1
3932 0
3781 1
1981 0
2097 1
1946 0
178 1
1037 0
1848 1
501 1
1984 1
1429 0
3104 0
3854 0
477 0
4312 0
2309 0
2027 0
457 0
1054 1
3409 0
3526 1
1557 1
3669 0
164 1
2153 1
2057 1
468 1
795 1
368 0
4369 1
3749 0
1721 0
1502 0
2457 1
1802 0
2618 1
3247 0
3323 1
3783 0
297 0
185 1
1603 1
638 1
3831 1
3232 1
4158 1
685 1
3773 1
3104 0
4320 1
2881 1
1109 0
4574 0
803 1
37 1
1049 1
1754 1
4360 0
2744 1
1289 1
323 0
3905 1
4455 0
28 0
3263 1
1724 0
3539 1
3024 1
1849 0
1035 1
1795 0
4146 1
4461 0
4362 0
4987 0
2657 1
1823 1
3742 1
1874 0
4051 0
1892 1
529 0
2844 0
4775 0
4243 1
4694 1
1207 0
1314 1
1650 1
3691 1
4971 0
2336 1
1782 1
1723 0
3436 0
4765 1
3950 0
4151 1
2385 1
2726 0
3185 1
3420 0
72 0
2453 1
3745 0
599 0
254 1
4621 1
2988 0
4264 0
1990 0
2550 1
2031 0
3931 0
617 0
4091 0
296 0
4018 1
2442 1
3902 0
656 1
1562 1
614 0
4112 1
1631 0
547 0
4047 0
4226 1
972 1
1091 0
2700 0
2059 0
638 1
3873 0
3922 0
2649 0
4370 1
4263 0
170 0
1236 1
1006 0
4367 1
4263 0
594 1
490 1
3378 1
4280 0
3605 1
2364 1
3910 1
1781 0
4447 1
4627 0
833 0
3385 1
4587 0
3207 1
4685 0
928 1
2811 1
4150 0
4890 1
3005 0
326 0
2155 1
4625 1
2734 0
3991 0
482 1
1521 1
4526 1
3470 1
1226 1
1150 0
248 0
2464 0
910 1
3042 0
330 1
226 0
1967 1
3693 1
1287 1
2762 1
226 0
1992 1
3110 1
1641 0
1755 1
3806 1
3344 0
2725 1
996 1
2526 1
1924 1
1894 1
902 1
4012 1
2713 1
1160 0
599 0
2017 0
3649 1
960 0
752 1
1244 0
3135 1
4643 0
3216 1
2869 1
4330 0
2180 1
2659 0
4562 0
3515 0
3158 0
3564 1
2012 0
3280 1
734 1
621 0
372 0
2825 1
3194 1
3977 1
563 0
3327 0
3565 1
3659 0
1670 1
1999 0
4469 1
1266 0
1158 0
4252 1
250 0
1570 0
794 0
3530 1
516 1
3599 0
3874 0
487 0
2312 1
140 0
1153 1
2538 1
1114 0
4884 1
1255 1
969 1
1596 0
1476 1
3610 1
2574 0
2646 1
3348 0
3175 0
4022 0
3516 0
1392 1
3957 1
572 1
2042 1
769 1
4871 1
2889 1
2922 1
1480 1
1988 1
1456 1
3770 1
2221 0
363 0
2253 0
1864 1
1667 1
315 0
4714 1
2700 0
4923 1
2293 1
173 0
1261 0
4773 0
1300 1
4863 0
4843 0
764 0
2710 0
2328 0
1784 0
2474 1
4292 0
594 0
4504 0
894 0
1220 1
4546 1
1501 1
4752 0
4714 1
3359 1
2253 1
3385 1
1395 1
1050 0
3639 1
4609 1
2666 0
1025 1
240 0
24 0
2595 0
2525 0
4844 1
238 0
4705 1
3805 0
627 0
1364 1
4191 1
2313 0
4763 0
4020 1
477 1
18 1
615 1
1464 1
3208 1
325 0
637 1
664 1
795 0
447 1
3016 0
1349 1
4096 0
4914 0
3429 1
4537 0
4911 0
2929 1
229 0
2911 1
2941 0
2086 1
1357 0
728 1
4022 1
2550 1
2700 0
1459 0
2526 0
2155 1
2391 1
3099 0
4227 1
3936 1
164 0
2928 1
1083 0
2999 1
2096 1
310 0
3785 1
4174 1
4657 0
2289 0
674 1
4114 0
1687 0
4305 1
928 0
2241 1
3945 1
1853 0
1445 0
1748 0
3137 0
103 0
99 0
2479 0
4787 0
3787 1
2309 1
2965 1
2674 0
4434 0
2398 1
3203 0
148 0
2949 1
2399 0
4706 1
4553 1
821 1
2964 1
4595 0
4248 0
3875 0
702 1
2317 0
1165 1
2611 0
4143 1
4054 0
962 0
1932 1
565 1
322 1
1889 1
1751 1
2389 0
831 1
4741 1
4017 0
1311 0
4942 0
939 1
4330 0
4985 1
4444 0
2617 1
4153 1
628 0
3065 1
870 0
3250 1
3904 0
4750 1
4422 1
3021 1
2419 1
4468 0
2520 0
1871 1
2949 1
4590 0
2217 0
4161 1
4932 0
3246 0
850 0
3145 1
768 0
1448 1
4157 1
754 0
4418 1
2040 1
513 0
2271 0
1197 1
3636 0
2841 0
1528 0
554 1
956 1
1067 1
1967 1
3304 0
2012 1
857 0
786 1
1565 1
3042 1
3628 0
1171 0
2126 0
211 1
1867 0
989 0
2786 0
1811 1
4948 1
2439 1
1533 0
3975 0
954 0
2110 0
2586 0
4050 1
2923 0
2835 0
2187 0
3496 0
1954 1
1511 1
2228 0
3870 1
21 1
1922 1
4235 0
377 0
1297 0
2583 0
2212 1
3198 1
4871 1
1986 0
1105 1
4266 1
2827 0
1384 0
3791 1
1733 0
3809 1
4053 1
1288 0
1573 0
1480 0
2880 0
1752 1
4918 1
3270 0
1305 1
1977 1
393 0
1868 1
905 1
2209 1
712 1
3237 0
2735 1
3728 0
366 0
3439 1
1801 1
1594 0
1544 1
4537 1
850 0
3912 1
4575 1
298 0
7 1
617 0
1406 1
908 1
4895 0
4916 0
957 1
4851 1
986 0
4823 1
3680 0
2791 1
2759 0
2594 0
3231 1
4946 0
3034 1
2882 0
2824 1
3816 0
2351 0
4780 0
1499 0
522 0
1547 0
677 0
2575 0
458 0
1677 0
2692 0
3612 0
2708 1
1037 0
421 1
3989 1
3919 1
2277 0
4376 1
1549 0
4569 1
4733 0
396 1
390 1
2598 1
1919 0
636 0
106 1
3439 1
4628 0
64 1
165 0
3199 0
1724 0
4882 1
848 1
2037 1
2274 1
4481 0
1198 0
2876 0
2950 1
1022 0
2755 0
4786 1
647 1
535 1
249 1
167 0
1985 0
3934 1
2369 1
1168 1
1009 1
3175 1
1080 0
1499 1
2073 0
4901 1
924 1
2934 1
4831 0
4737 0
342 0
2664 0
3504 0
1707 0
3437 1
1319 1
301 1
3089 0
1271 0
1625 1
3408 1
1376 0
4585 1
3021 0
2323 1
1628 0
966 1
3484 1
3099 1
3435 0
418 1
4791 1
3290 1
3792 1
2948 1
4504 1
3078 1
3326 1
4393 1
2398 1
92 0
4848 0
3794 1
1364 0
1233 0
4669 1
2016 1
1318 1
1358 1
1697 0
4747 1
3367 0
3656 1
1444 1
2916 1
3590 0
3149 1
4346 0
3740 0
3164 0
431 0
813 1
340 0
654 1
4960 0
3302 1
2581 1
2477 0
3894 0
2008 0
4148 0
421 1
1953 0
3415 0
1158 0
4474 0
2429 0
4968 1
4675 1
4984 1
3305 1
4072 0
4458 0
1880 1
3905 0
1 0
3061 1
2958 0
1236 0
1537 1
4625 1
4277 0
3420 1
2261 1
478 1
1236 1
396 1
4200 0
4481 0
901 1
171 1
269 1
472 0
1640 1
4678 0
3390 1
1922 0
939 1
1497 1
3840 0
1884 1
4637 0
4330 1
4947 1
4339 1
3371 0
3484 0
694 1
2197 1
2733 0
3361 1
3353 1
2473 1
2114 1
109 0
2845 0
739 0
4262 0
1833 0
2865 0
35 0
2379 0
1944 0
1046 0
1570 1
1903 0
1928 1
2259 0
3468 1
3617 0
974 0
2362 0
1765 0
4318 0
4372 0
1242 1
600 1
3675 1
933 0
3836 0
2648 1
624 1
4763 0
2596 0
4741 0
4634 0
4494 0
3320 1
3492 1
1639 0
274 0
1166 0
4270 1
140 0
1586 1
3890 0
3214 0
2532 1
1223 1
4363 0
1986 1
3119 0
4809 0
4736 1
1870 1
360 1
3946 1
1391 0
1649 0
4605 0
102 0
795 0
2593 0
1819 1
3924 1
3893 0
3614 1
925 0
2392 0
760 0
2359 1
2606 0
2875 0
2208 0
2849 0
3224 0
3240 1
1081 0
2985 0
728 1
104 0
4918 1
4767 0
4670 0
2827 1
1531 1
4149 0
3347 0
1610 1
996 1
4189 1
2999 1
4238 0
1467 1
1515 1
4387 1
4992 0
3386 0
2125 0
3687 0
1353 1
3584 1
3841 0
1424 1
2764 0
3038 0
1835 1
4183 1
1796 1
588 0
4244 1
481 0
4452 0
2169 0
1801 1
406 0
933 0
1145 1
2732 0
73 0
635 0
1382 0
87 0
4819 1
1012 1
2409 0
921 1
4097 1
2641 1
4827 1
601 0
4080 1
390 0
2103 0
4973 1
3216 0
56 0
3959 1
2497 0
3603 0
2140 0
3806 1
2756 0
3538 1
2165 0
3949 0
3750 1
3015 1
780 1
4611 0
253 0
4971 1
3891 1
2877 0
2444 0
892 0
823 1
1058 0
3112 1
248 1
2174 0
630 1
3501 1
2313 0
3745 0
1275 1
1277 0
4885 0
4100 1
1065 1
1117 0
4710 0
3158 1
3170 0
2658 1
3804 1
2531 1
1019 1
4 0
1631 1
2925 0
4246 0
4613 1
3834 0
1839 1
4593 1
4599 1
4606 1
3615 1
85 1
3112 0
3508 1
990 0
3399 0
1861 1
2836 1
1654 0
2801 1
3471 0
4465 0
4806 1
333 0
1823 0
763 0
4345 1
3560 1
557 1
4258 0
1331 1
2201 1
2017 0
3297 1
2924 0
4416 0
2288 1
3325 0
103 0
3114 0
4870 1
3862 1
4636 0
614 1
126 1
2607 1
1051 0
3128 0
4466 1
4785 1
3389 1
987 0
984 1
4526 0
4268 0
2123 0
4361 1
4352 0
178 0
355 0
4471 1
3980 0
2013 0
2822 0
3417 0
1083 1
2754 1
1726 0
1012 0
75 0
2608 1
1782 1
317 0
4632 0
4399 1
4576 1
3844 0
3350 1
2733 1
3071 1
3488 0
3120 1
2319 0
437 0
576 0
123 1
1082 0
4835 0
1555 1
1959 0
992 1
2518 1
3675 0
3955 0
2894 1
3841 1
770 1
4676 0
2628 1
2561 1
372 1
3508 1
1216 1
716 0
2131 1
4824 1
3478 1
2122 1
423 0
1501 1
4849 0
2124 1
1580 1
3534 0
2373 1
2347 0
3872 0
3476 0
1480 0
173 1
2226 1
1154 1
982 0
2538 0
3290 0
3355 0
204 0
3445 1
2389 0
4471 1
2199 0
3220 1
4851 0
3622 0
3166 0
2245 1
2438 0
2383 0
3454 1
494 1
2865 1
1590 0
4836 0
1665 0
1828 1
4605 0
339 0
4399 0
3435 1
3085 0
748 0
1968 0
2428 0
371 0
733 0
3152 1
1918 0
3733 1
2417 0
3165 1
4055 1
3810 1
658 1
1572 0
1741 0
1927 1
567 1
3376 0
3921 0
1839 1
2196 0
246 0
886 1
2040 1
3732 0
2268 1
3433 1
4208 1
721 0
2953 0
3997 1
946 0
2814 1
2410 1
835 1
2612 1
1486 0
3515 1
4434 0
504 1
2588 0
2226 1
3386 1
2071 0
637 1
356 0
4318 0
2817 0
3834 1
4329 0
4430 0
2594 1
3850 0
1496 0
1022 1
2919 0
3435 1
768 0
4978 0
762 1
627 1
347 1
3211 0
1820 1
2625 1
3451 0
4863 0
159 1
809 1
1746 0
2536 0
712 0
2783 1
1950 1
2371 1
3286 1
2548 1
2481 0
4035 0
1073 0
2437 0
1895 0
3531 0
778 0
1745 1
1112 0
2622 0
1128 0
4552 1
2805 1
3608 1
4381 0
1050 0
2616 0
386 1
1941 0
889 1
3002 1
626 0
4423 1
2155 1
4197 0
259 1
1245 0
3675 1
4750 0
2567 1
2458 0
1115 0
2210 1
505 1
2990 0
3107 0
2742 0
4029 0
4596 0
1084 0
693 0
1381 0
3258 0
1012 0
4124 1
535 1
998 0
2984 1
3199 0
1445 1
4123 1
1129 1
859 0
3781 0
548 0
1943 1
4603 1
2081 1
424 1
3872 0
4944 1
1375 0
2727 1
1126 1
1923 0
4971 0
1111 0
3538 0
3435 1
3901 1
3248 0
2969 0
4704 1
1171 1
3765 0
1590 1
934 0
4523 1
4167 1
1579 1
3594 1
3142 0
3862 0
759 0
2457 0
939 1
3460 1
2258 1
1013 0
4124 1
4150 1
1143 1
4738 0
2955 1
992 0
527 1
1533 1
4741 1
2585 1
1384 1
719 0
3400 0
4450 1
2503 1
1690 0
4734 1
761 1
3486 0
2493 1
1785 1
1447 0
2247 0
4890 1
2499 1
4900 1
2573 0
1922 1
505 1
1223 0
994 1
2190 0
1227 0
89 1
4459 1
163 0
455 0
1008 0
2195 1
3443 0
478 1
2698 0
2399 1
3191 0
4884 0
3836 1
3441 1
4051 0
2333 0
780 0
1455 1
2875 1
639 0
1799 1
4498 0
2176 0
499 0
968 1
568 0
4047 1
4393 1
3571 0
4650 0
4406 0
2338 1
3014 0
2070 0
1279 0
253 0
1396 1
4023 1
379 0
495 0
3685 1
373 0
4516 1
3459 1
1006 0
1169 1
4747 1
2132 0
1918 0
3483 1
1938 0
3977 0
1316 1
1694 0
4733 0
4815 1
1153 1
3516 0
53 1
3529 1
376 0
4262 0
3187 0
505 0
3615 1
4840 1
1096 1
4010 0
3726 0
1282 0
2332 0
2206 0
4078 0
1889 1
1147 0
3784 0
648 0
1784 1
1147 1
1894 1
2111 0
1188 1
3195 1
4795 0
3853 1
588 1
1165 1
1676 1
4913 1
3030 0
2487 1
3781 0
4447 0
96 0
1901 0
1941 1
4032 1
3043 1
434 1
5 1
1859 0
1668 1
1232 0
3999 1
4132 1
1138 1
4746 1
926 1
2631 1
1712 0
2254 0
346 0
891 1
2632 1
4749 1
1898 0
435 1
4273 0
4827 0
4116 1
3614 1
2833 1
4900 1
1143 1
738 0
3616 0
1788 0
2203 0
389 0
4813 1
496 0
2949 0
4758 0
226 0
3076 0
870 1
3005 1
4254 1
2869 1
4995 1
1426 1
3311 1
3900 0
1641 0
387 1
672 1
4856 0
2969 0
4235 1
2549 1
1173 0
4182 0
2635 1
3444 0
4260 1
1831 1
1710 1
908 1
1261 0
2698 1
3508 0
2292 0
3455 1
2382 0
250 0
1975 1
1805 0
1717 0
4676 0
4780 1
4354 0
825 1
653 0
1355 1
2129 1
1349 1
4495 1
4498 1
1931 1
3072 0
66 1
1002 0
2581 0
4617 0
4471 1
3928 1
4098 1
649 1
272 0
288 0
3838 0
2310 0
4169 1
4024 0
2803 0
4076 0
2906 1
2897 0
4936 1
2733 1
884 1
114 0
1936 0
3979 0
4011 0
3183 1
2123 1
1059 0
933 0
178 1
4023 1
1689 0
3937 0
2874 0
1849 1
4463 0
539 0
2403 1
616 0
264 1
4693 1
4981 1
4334 0
3494 1
759 1
2273 1
3888 0
4419 1
1129 1
4121 0
2441 0
4365 0
873 1
3373 0
4943 1
1920 1
3470 0
4876 0
4628 1
412 0
3269 0
1482 1
3548 1
4588 0
1942 0
3690 0
971 1
4073 1
3513 1
986 0
461 0
811 0
4096 0
2028 1
4406 0
2837 0
977 0
4454 0
1734 1
4484 1
2645 1
749 1
3060 1
3165 0
2374 1
4471 0
1270 0
191 0
1090 0
3991 1
4002 1
3606 1
4198 0
4890 0
321 1
4846 1
63 0
509 1
4512 1
3032 1
3913 0
3880 1
4977 0
3871 0
3982 0
2666 0
2566 1
954 1
1754 1
2123 1
1030 0
3908 1
1045 0
1523 1
3654 0
4879 0
3863 1
553 1
918 1
2895 0
3382 1
204 0
4757 0
3912 0
224 0
4784 0
634 1
434 0
451 0
2084 0
860 0
364 1
3143 0
3957 1
4785 1
190 1
1557 0
4114 0
2586 1
3464 1
771 0
798 0
434 1
196 1
3411 1
2839 0
1359 0
1711 0
3987 1
4538 1
2490 0
4527 1
1592 1
177 0
1030 0
18 0
1459 0
3839 0
200 1
1947 1
1405 0
3266 1
2283 0
1324 1
3220 0
480 1
2132 0
328 0
4728 0
585 0
2673 1
2408 0
1448 1
4778 1
1596 1
4615 1
3663 0
2871 1
3420 0
3639 1
1350 1
3335 0
3461 0
3453 0
3300 0
200 0
1995 1
4748 1
1812 0
476 0
1461 1
4613 0
3654 0
4454 1
1930 0
4591 1
2303 0
3378 0
731 0
1278 1
3701 0
3017 0
3594 0
3549 1
3459 1
3587 1
2193 1
2680 1
1083 1
3861 0
2590 0
4131 1
4485 0
1790 0
650 1
794 1
1162 1
4207 1
2461 0
111 0
2722 1
2831 0
636 1
2626 0
237 1
1483 1
2521 1
2629 1
1446 0
1183 0
127 1
1503 0
717 0
3849 1
316 0
1753 0
648 1
3966 0
969 1
1631 1
3859 0
4763 1
825 1
4741 0
2087 1
4558 1
724 0
4925 0
1500 0
653 0
2775 1
667 0
2 1
4298 1
4808 1
1602 1
541 0
4824 0
2787 0
797 0
1897 0
1968 0
2861 0
3148 1
2755 0
984 0
2577 1
920 0
3034 0
4718 1
1975 0
1248 1
3608 1
800 1
3876 1
178 1
3785 0
3658 0
3929 0
1081 0
4537 1
1830 0
75 0
2539 1
2770 0
1932 1
2175 1
1087 1
998 0
724 1
1781 0
4543 1
3969 1
3548 1
3494 1
1132 1
4028 1
716 1
1053 0
3293 1
1044 0
3679 0
2192 0
3801 1
295 1
3375 0
964 0
3196 0
2164 1
425 0
1024 0
4841 1
3573 0
948 1
1743 0
562 1
3188 1
3388 1
411 1
1604 0
3355 1
2010 0
3502 0
1835 1
4406 1
2352 1
1507 1
3211 1
3462 0
4638 0
1232 0
1607 0
2467 0
2415 1
4629 1
3876 0
3912 0
3180 0
3066 1
2357 1
4471 0
1328 0
404 1
240 1
4299 1
4577 0
2757 1
2114 0
3318 0
4389 1
2074 1
2070 0
938 0
3974 1
2282 1
2947 1
4889 0
2663 0
4029 1
1005 1
394 0
4225 0
560 0
4193 1
3918 0
1666 1
2746 0
947 0
42 0
4588 0
4217 1
2088 1
2635 1
456 1
2687 0
2812 0
2970 0
1958 1
2692 1
4665 1
102 1
4042 0
149 0
4178 1
4139 1
1246 1
2299 1
3403 0
1968 1
1937 0
416 1
577 0
4061 0
1650 0
1391 1
1528 0
2034 1
4203 0
4469 0
3621 1
4010 1
2413 1
2271 0
2687 0
3215 1
778 0
494 1
2583 1
4594 0
1699 1
4326 1
2328 1
2505 1
2747 0
2353 0
4117 0
4382 0
2739 0
3383 0
283 0
4419 0
344 0
4687 0
4544 1
1505 0
1278 0
2236 1
1901 0
3162 1
1152 1
1705 1
4783 1
3751 0
48 0
1899 0
4801 0
955 1
3320 1
35 0
1509 1
4744 0
244 1
1803 1
3753 1
4140 0
882 0
1816 1
1026 1
3889 1
1970 0
1281 1
2754 0
1801 0
785 0
2771 1
4288 0
4208 1
2235 0
277 1
1093 0
2963 1
1939 1
680 1
4903 1
1726 1
2161 0
1389 1
4728 0
2787 1
4 0
1825 0
4539 1
2372 0
3541 1
2788 0
3242 1
2266 0
1195 1
3953 1
4578 0
1592 0
4451 0
1302 1
3380 1
1074 1
4636 0
3002 1
1853 0
2642 0
1229 1
2880 1
1220 1
743 0
4217 1
3412 1
3707 0
3457 1
396 0
385 0
57 1
2086 0
77 1
2016 1
764 0
570 0
4243 1
3805 0
3444 1
1728 0
2439 1
1977 1
3020 1
4658 1
340 0
3690 0
503 0
1026 1
4954 1
2020 1
4177 1
4506 0
3643 1
3612 0
1974 0
3041 0
4217 0
4723 1
1330 1
2604 1
4416 1
4981 1
4149 1
1247 0
3364 0
4133 0
4749 1
4664 0
2475 1
102 1
3968 1
3901 0
2555 0
3478 1
178 1
1254 1
3530 1
159 1
780 0
3119 0
4168 1
456 1
3784 1
100 1
307 0
2719 1
287 1
4369 0
4595 1
3126 0
1625 1
4084 1
1487 0
879 1
148 0
1832 0
913 0
3058 1
494 0
3079 1
4795 0
2743 1
4127 1
1829 0
1464 0
3196 1
93 0
2791 0
3236 0
3400 0
1927 0
3502 1
1906 1
1828 1
1072 0
2822 0
3402 0
2928 1
1649 1
4506 0
1913 1
63 1
2241 1
2647 1
3329 0
1233 0
3111 1
3359 1
3168 1
724 1
4491 1
686 1
4475 1
3631 1
3282 1
3834 1
2456 1
1015 0
189 1
4138 1
1338 0
1016 0
2241 1
1633 1
545 1
1432 1
4757 0
4063 0
4312 0
150 1
3973 1
3831 0
2023 1
2549 0
1232 0
1722 0
2301 0
1264 0
4669 1
669 0
616 0
3982 1
3263 0
2143 0
4037 1
1893 0
3160 1
2327 1
2568 1
4712 1
12 0
245 1
1236 0
1993 1
558 1
2158 1
344 1
2981 0
3431 0
4847 1
649 1
3070 1
420 0
1856 0
4758 0
3585 1
3518 1
4873 0
1255 1
777 0
2131 0
1669 1
743 1
3200 1
3304 1
3281 0
4683 1
299 1
4826 0
4653 1
3870 0
3439 1
4940 1
380 1
1338 0
2776 0
4802 0
1295 1
899 0
3427 1
4156 0
3859 0
1708 0
393 0
2981 0
3277 0
3984 0
268 1
45 0
1160 1
4830 1
1519 1
2595 0
2798 1
2878 1
4685 1
1123 1
4403 0
209 1
2354 0
3464 0
2690 0
2550 0
3971 0
3632 1
4155 0
1793 0
4710 1
442 1
3904 0
4184 0
4514 0
2071 0
2618 1
1933 0
769 0
4336 0
2554 1
4921 1
4853 0
1880 0
3973 0
3542 0
1887 0
2442 0
2374 1
2004 1
179 0
1190 0
142 0
4700 1
3159 1
2849 1
4542 0
3019 0
3028 0
4937 0
4048 0
1242 0
2447 0
2180 0
3345 1
3105 1
4675 0
1704 0
4752 0
3748 0
1003 0
3901 1
88 1
4350 1
1439 0
4183 1
364 1
1694 1
2206 1
2778 0
4748 1
2798 1
276 0
1740 0
4645 0
181 0
3408 0
597 0
4671 1
2383 0
3357 0
1082 0
1678 0
135 0
1795 1
1900 1
4311 0
3670 1
553 0
967 0
3602 0
2198 0
1582 1
1858 1
446 1
68 0
3512 0
2526 0
1630 1
1778 1
1927 1
2672 0
1081 0
2177 0
3105 0
1832 1
645 0
70 1
3177 0
4833 0
2522 1
2428 0
2403 0
2576 1
319 0
162 0
737 0
4836 1
528 1
3453 1
1638 1
803 0
3115 0
198 1
4215 0
4828 0
1036 0
2971 0
2402 0
3375 0
190 0
3093 0
1099 1
1979 0
4388 1
3226 0
4497 1
3739 1
4989 1
4876 1
4174 1
361 1
3308 1
1556 1
1007 1
2710 0
2114 1
3406 0
4807 1
4814 0
2196 1
163 0
3620 0
636 0
2738 0
543 1
1206 0
267 0
706 0
1652 1
4372 1
4440 1
87 1
45 1
61 0
2029 0
2233 1
1862 1
3091 1
3080 0
1738 1
4284 1
1029 1
3653 0
1288 0
4001 1
678 0
2416 0
336 0
3765 0
70 0
2909 1
425 1
3588 1
703 1
4896 1
273 1
4802 0
1102 1
3880 0
1141 1
4009 1
1900 1
1934 1
2515 1
181 1
2562 0
1226 0
4878 1
546 0
1227 1
4113 1
1264 1
2506 0
4086 1
3290 1
1610 1
2631 0
3310 1
4581 1
3464 0
1298 1
751 1
2386 1
1264 0
3438 0
1768 0
3919 0
3386 0
859 1
3168 0
3604 0
644 0
4977 1
4402 1
1337 0
2478 1
3324 1
1057 0
1980 0
3116 0
627 1
4302 1
3068 1
797 1
1452 1
2136 0
4471 0
4420 0
1433 1
1773 0
3279 1
4899 1
3914 1
4239 1
3444 0
306 1
4207 1
1893 0
1528 0
1339 1
4578 0
4211 0
2388 1
3604 0
2771 0
658 0
1274 0
329 0
3894 0
3067 1
3136 0
3386 0
2062 0
2830 1
565 0
728 1
925 1
2538 1
585 0
1942 1
183 1
2430 1
4616 0
587 0
2327 1
3352 1
2959 1
1146 1
3456 0
1725 1
2462 0
572 1
4220 0
429 0
2486 1
1922 0
4994 0
4284 1
4677 1
1272 0
3482 0
2742 1
2104 1
2659 1
295 1
282 1
3404 1
4535 0
92 0
918 1
3340 0
3859 1
1591 0
330 1
2940 1
1219 1
4924 1
1114 1
893 0
1833 1
4297 0
3516 1
3639 1
4816 0
4957 0
637 1
4825 0
3195 0
3645 1
4272 0
1719 1
86 0
2368 1
770 0
2083 1
3173 0
3125 0
4838 1
4610 1
131 0
2045 1
4663 1
1746 0
3377 0
3424 0
1636 1
4605 1
1476 0
3472 1
1394 0
2001 0
3518 1
1227 1
1430 0
3295 0
270 1
1550 0
889 1
2983 1
3728 0
1289 0
3772 0
1458 1
3686 0
1839 1
2220 0
4051 0
1573 0
3067 0
1897 1
352 1
1612 0
2735 1
1526 0
1649 0
4788 0
1887 0
3857 0
627 1
3946 0
3405 0
1330 0
1934 0
1820 0
2888 0
4061 0
4100 1
4738 0
218 0
3914 1
1465 1
961 0
3283 0
3548 1
2737 1
4445 1
817 1
3764 0
4722 1
1778 1
1995 0
1932 1
4206 0
4201 0
965 1
1804 1
179 0
1729 0
4561 1
4258 0
4458 0
4180 0
4879 1
3633 0
2768 1
3921 1
1674 1
767 1
2555 1
1409 1
2216 0
1050 1
1064 0
1329 0
3493 0
1341 0
4309 0
2157 1
83 0
624 0
3427 0
4271 1
347 1
843 0
4752 0
2251 1
2319 0
4502 1
4801 0
2265 0
4309 0
3892 0
2328 0
1221 1
103 0
4211 0
942 1
4187 0
4600 1
4880 1
3 0
4938 0
4492 1
4533 1
4572 0
3837 0
441 1
3382 0
3521 0
4780 1
3736 0
3443 1
3256 0
1396 0
3459 1
993 1
2119 0
974 0
30 0
1602 1
2265 0
3520 1
2110 1
461 0
2000 0
2474 0
1560 1
502 1
3305 1
2325 1
4997 0
4790 0
2510 0
2634 0
3931 1
3506 0
1573 0
4615 0
3184 1
4143 1
2795 1
499 1
2462 0
880 0
3750 1
4679 0
24 0
4677 1
1355 0
2400 0
326 0
2972 0
847 1
516 0
4634 0
2404 0
2451 0
4384 0
1511 1
3621 0
1760 0
1528 1
187 1
3868 1
4115 0
3326 1
892 1
2226 1
2637 0
2235 0
1065 0
1173 1
89 0
4122 0
3294 0
3917 1
4658 0
1606 0
2256 1
4752 1
744 1
322 1
2603 1
1440 0
2522 1
2952 0
695 0
2726 1
2977 1
3574 0
2497 1
509 1
3086 0
4393 0
4179 1
1299 0
185 1
4095 0
4061 0
4633 1
2652 0
2238 1
1243 1
1606 1
3224 1
2403 1
2998 0
1771 1
563 0
1819 0
3031 1
2055 0
1687 0
990 0
4068 0
1039 1
1489 0
2094 1
1980 1
622 0
340 0
187 0
4359 0
2021 1
3851 1
844 1
37 1
2841 1
3497 0
2708 0
1795 0
3572 0
447 0
4095 0
4975 0
4124 1
938 0
1936 1
3886 0
619 1
1063 1
369 1
3041 1
581 0
2602 0
4623 0
532 0
2036 0
1684 1
2732 1
1384 1
318 0
3793 0
4998 0
1026 1
709 0
3968 1
1356 0
2075 1
1183 0
4624 1
1895 1
3056 0
2647 0
3135 0
847 0
929 1
4895 0
3881 0
705 1
2120 0
3382 0
3018 1
1401 1
843 0
2258 0
2420 1
4509 0
2052 0
272 0
2883 1
1606 0
3216 1
4351 0
957 0
2252 1
4721 1
1677 1
3704 0
2904 0
4631 0
2506 1
255 1
2309 1
1277 1
3646 0
1972 0
4932 0
832 0
2021 0
4824 0
4903 1
1805 1
2719 0
3603 1
2440 1
2271 0
3444 1
992 0
3025 1
3967 0
1007 1
3674 1
557 1
668 0
1811 0
2925 0
3187 0
2967 1
3106 0
1950 0
538 0
622 0
1545 1
962 1
1562 1
2321 1
2050 0
4753 1
3509 1
738 1
4309 1
3387 1
4745 1
4756 1
629 0
4749 1
2280 1
2853 0
4690 0
1101 0
97 0
174 0
2122 1
3811 0
1700 1
2305 0
4564 0
4859 1
4751 1
4864 1
2673 1
4252 0
4041 0
1484 1
3626 1
2688 1
3711 0
4927 0
4141 1
2818 1
4640 1
3203 1
3519 0
1218 1
4029 1
4 1
3400 0
4361 1
4066 1
2525 0
1134 1
472 1
4427 1
3383 0
490 1
761 1
2676 1
688 0
4731 0
819 1
4341 1
3168 0
4135 1
1535 0
1078 0
3598 0
4273 0
4761 0
2174 1
3620 0
698 0
499 1
1051 1
923 0
798 0
895 1
1621 1
585 0
2944 1
310 0
2533 1
3938 1
3211 1
3197 0
3918 1
1265 1
343 1
2062 0
1261 1
996 0
724 1
4701 1
2841 1
1392 1
42 1
215 1
2565 1
2221 0
4149 1
2950 1
586 1
3509 0
1198 1
1004 0
3374 1
1201 0
1615 1
906 1
2192 1
2137 1
1768 1
790 1
264 1
3014 0
876 0
801 1
3328 0
2043 0
4617 0
2949 1
4921 1
1151 1
625 0
777 1
591 0
1470 1
33 1
3127 1
2566 0
3185 1
715 1
3400 1
3178 0
3003 0
1919 0
2763 1
1609 1
329 1
3810 0
255 0
2766 1
1715 0
1866 0
1913 1
3557 1
964 0
3872 1
3714 1
1830 1
278 1
4404 0
3044 0
609 0
893 1
2349 0
2337 1
1562 0
3019 0
216 1
3715 1
257 0
2934 0
46 1
4376 1
4499 0
1324 0
1043 1
784 0
827 1
343 0
1030 0
1447 1
757 1
1705 0
4260 0
1197 0
3335 1
4499 1
91 1
630 1
870 1
176 1
2272 1
4833 1
1958 0
2331 1
4514 1
2372 0
4565 1
2497 0
3441 0
985 1
3529 0
2313 1
1478 0
2208 0
3911 1
1225 1
167 1
2610 0
2134 1
699 1
4692 0
3512 0
4555 0
4403 1
3889 0
2232 1
2776 0
3032 1
3745 1
1972 1
657 1
3394 0
4253 0
4633 0
2820 0
3811 0
4035 1
3260 1
1936 1
709 1
4775 1
2283 0
3726 0
2760 1
4494 1
3332 0
3293 0
2775 0
428 1
3529 1
4998 0
4121 1
3724 0
2160 0
2208 0
604 0
1004 1
434 1
2499 0
397 1
4567 0
1812 1
2247 1
2229 0
491 0
3651 0
3714 1
1759 1
4075 0
1437 0
4043 0
1264 0
2512 1
3053 0
4406 0
4853 0
693 0
4302 1
805 1
2235 1
1271 1
1364 1
3719 1
547 0
3492 1
4210 0
4649 0
4757 0
1881 1
2526 1
176 0
1193 0
451 1
1281 1
1549 0
3486 1
98 0
893 1
1691 0
1822 1
3556 0
1784 0
1890 1
2490 0
4128 0
3747 0
3588 0
3809 1
3648 1
2451 1
4662 0
1198 1
230 0
1206 0
2844 0
1337 1
3728 0
951 1
3405 1
2463 1
982 0
1590 1
587 1
2243 0
3090 1
30 0
2375 0
4801 0
1766 0
3809 1
254 1
3451 0
1782 0
460 0
2532 0
2070 1
631 1
2804 1
1974 1
1907 1
1813 0
2658 0
3500 0
1508 1
1194 0
1991 0
3685 0
2453 0
1072 0
1350 0
2542 1
2902 1
4541 0
3594 1
875 1
3411 1
4108 1
1191 0
342 1
2729 0
3504 1
2346 0
1356 1
1575 0
3689 0
11 1
702 0
4836 0
4486 1
4621 1
2884 1
2512 0
4223 0
3551 0
558 0
3587 1
4652 0
4805 0
2381 0
2752 0
1688 1
4985 0
2093 1
972 1
4659 0
4434 1
1553 0
4708 0
4445 0
1399 0
65 0
1397 1
3343 0
765 1
2797 1
2220 1
1211 0
3426 1
500 0
2255 0
864 0
3321 1
1034 0
1997 1
3881 0
1957 0
2604 0
2336 1
1602 0
4919 1
1520 1
2067 0
3664 0
1228 1
199 0
4207 1
3441 1
3803 0
2085 0
1515 1
2380 1
1315 0
4257 0
180 1
4330 0
3937 0
3521 1
3401 0
350 1
2146 0
3841 0
1306 0
2163 1
4610 0
184 1
1865 1
1537 0
4936 1
264 1
2216 0
2614 1
1480 1
4483 0
373 0
2176 1
2378 0
3903 0
2296 0
2397 1
1578 1
2694 1
3967 1
2567 0
3452 0
270 0
4984 1
2930 1
1698 0
3741 1
27 0
3306 1
1752 0
846 1
946 1
50 0
2499 0
1806 1
503 0
728 0
614 1
4974 0
4679 1
4848 0
2007 0
686 1
1155 1
2855 0
2007 0
2830 1
3541 1
4398 0
3099 1
1324 0
1753 1
4 1
2465 1
1990 0
408 0
1466 0
2092 1
813 1
2762 0
3859 1
3670 1
129 1
2171 0
1529 0
2855 0
695 0
1714 1
1774 0
1941 0
3347 0
2817 1
4378 0
2434 0
3754 0
2713 1
2333 0
3214 0
1444 0
4072 0
766 0
1043 1
4538 1
2896 1
2358 0
2170 0
616 1
1269 0
2522 0
3519 1
3949 1
3048 0
478 0
3242 1
1793 0
1440 0
3620 1
1367 1
1280 0
1610 0
3004 1
4407 1
1559 1
2738 0
670 1
627 1
1053 1
4341 0
2638 0
1172 0
4449 0
4480 0
395 0
4661 0
1792 1
2939 0
2583 1
913 1
837 0
4846 1
1753 0
1035 1
132 1
778 0
2463 1
1311 0
4334 1
1373 0
1808 0
1313 0
2055 1
2033 1
4313 0
1376 0
1955 0
1692 1
2171 0
370 1
3406 1
3838 1
1524 0
4830 0
3954 1
4986 1
677 0
211 1
4890 1
3297 1
1267 1
3019 1
652 1
1734 1
4965 0
4825 0
126 1
2661 1
3147 1
1762 1
1722 1
2938 0
2400 1
719 1
1895 0
579 0
1590 0
883 1
1907 1
2784 0
717 0
3522 0
3254 1
823 1
2784 1
2247 1
4154 1
351 1
491 0
2641 1
2334 0
3804 0
2824 1
736 1
627 0
3769 1
3203 1
1689 0
1553 0
766 0
1333 1
2422 0
381 0
429 1
3806 1
1705 1
4196 0
1048 1
1518 0
2748 1
731 0
132 1
3968 0
2581 1
4015 1
3978 0
4671 0
4893 1
2845 1
3268 1
828 0
4454 1
1883 0
2063 0
4621 1
1840 0
1823 0
1411 1
4103 1
552 1
4987 1
4497 1
4612 0
4518 1
2375 0
3245 1
1504 1
2450 0
669 0
4019 0
241 0
1453 1
3742 1
1658 0
4023 1
1321 1
3035 0
2025 0
4888 0
3101 1
4718 1
3188 1
170 0
2577 1
4110 0
1955 1
3585 0
1257 1
2900 1
3641 1
1109 1
2695 0
2947 0
4780 1
3527 0
1397 1
408 0
817 0
136 0
471 0
2692 0
2437 1
4460 0
289 0
3142 0
