2350 0
4181 1
3530 0
3379 1
18 0
2414 0
3376 0
3865 0
528 0
4063 1
3383 1
188 0
930 1
245 1
2733 1
1809 1
1137 0
2297 0
1129 0
1961 1
4694 0
3049 0
4274 1
1031 1
4631 1
4913 0
67 0
3063 0
1096 0
3926 0
1243 1
4875 1
2638 0
89 1
3155 1
4301 1
2723 0
2396 1
3536 0
2656 1
1634 1
2455 1
3208 1
1574 0
593 0
2325 0
625 1
1403 1
3426 0
18 1
3575 1
649 1
1645 1
229 0
2365 0
4351 1
1167 1
4645 0
563 0
2456 1
4759 0
1333 0
1658 0
113 0
3529 1
2843 1
3357 0
543 1
4263 0
1708 0
4896 0
2120 1
850 0
2371 1
1723 1
1312 0
3210 0
1162 1
3453 0
287 0
4230 0
675 1
1758 1
2496 0
4558 1
2860 1
2385 0
1024 0
4920 1
32 1
224 1
3005 0
1843 0
129 1
3728 0
1426 1
2508 0
511 1
708 0
810 1
4455 1
4089 1
3985 1
3860 0
262 0
1502 0
2524 1
4009 0
755 0
1085 1
4547 1
1596 0
1308 1
2733 1
2408 0
3358 1
2857 0
3421 1
1266 0
2890 1
3074 1
3984 1
488 0
2824 0
1640 0
1783 1
4977 0
3215 1
323 1
1430 0
4098 1
2625 1
2173 0
265 0
1830 0
717 0
1417 0
3350 0
783 1
72 1
19 1
1529 1
3295 1
4626 0
4930 1
2674 0
5 1
4245 1
64 1
1200 1
4527 1
1211 0
2484 0
2210 1
2422 0
3543 1
4904 1
4076 0
2979 0
3488 1
1505 0
3429 0
100 0
1897 1
3804 1
2073 0
2082 0
4361 1
4205 1
3643 0
2792 0
679 0
3852 0
4666 0
256 0
3319 0
1407 0
4634 0
872 1
1228 1
4765 1
3884 0
2938 0
1570 1
3692 0
2308 1
2669 0
1736 0
1692 0
4304 0
1258 0
359 1
4443 0
3624 1
1325 1
2283 1
2959 0
1260 1
1163 1
1490 0
3227 1
2596 0
3349 1
934 0
3595 1
1311 1
2590 1
3849 0
201 1
2787 0
2791 1
3658 1
2298 0
3491 0
723 1
2763 1
454 1
3465 1
650 0
4283 1
1781 0
320 1
3116 0
4269 0
3251 1
1554 1
2953 1
16 1
1209 0
4747 1
4811 0
3161 1
1659 0
3577 1
2575 0
4471 1
1056 0
4345 1
3381 0
1757 1
1923 0
2057 0
3444 0
472 0
1321 1
453 0
2888 1
806 1
2955 0
3675 1
57 0
928 0
3438 1
639 0
3255 1
2536 0
1549 1
404 1
1851 1
407 1
540 0
1010 0
3003 1
3991 0
689 1
1782 1
3568 1
4928 0
1554 0
4332 1
2882 1
465 1
2430 1
1429 0
2534 1
1513 1
873 1
4046 1
2086 0
1081 1
1565 0
3279 0
4289 1
928 0
2545 0
3725 1
373 0
2061 1
3840 0
1368 0
2393 1
526 0
2942 0
735 0
380 1
1025 1
3327 1
3117 0
3291 1
251 1
139 0
961 0
4945 0
2887 0
3357 1
3959 1
2536 1
176 1
734 0
1298 1
4885 0
3432 1
3445 1
3326 1
2822 0
2201 1
1293 1
4846 1
3543 0
1674 0
1261 1
1330 1
71 1
902 1
2138 0
2913 1
893 0
1936 1
3278 0
4557 1
4504 1
2192 0
1411 1
882 1
769 0
3168 1
4407 1
2738 1
1542 1
1705 0
3417 0
4416 0
3865 0
1857 1
3224 0
2874 1
4962 1
3051 0
63 1
2281 0
2104 0
1139 0
2615 1
4789 0
4688 0
596 0
1210 1
638 1
4799 1
1174 1
2837 1
4721 0
3026 0
542 0
4306 0
868 1
1154 0
2058 0
2322 0
2614 0
4717 1
723 0
594 0
2598 1
4093 0
2922 0
2836 1
2355 0
63 0
850 1
38 0
4017 1
4531 0
462 0
3636 0
533 1
1095 1
977 1
4817 0
3034 1
4313 1
1949 0
3347 1
4452 1
2740 1
2114 1
1647 1
2886 0
4733 0
4449 0
2689 1
1190 0
1068 0
1477 0
1580 1
757 1
431 0
4509 1
1398 0
913 0
2622 0
3715 1
4677 0
4547 0
886 0
1059 1
0 0
4373 1
2898 1
1855 1
4165 1
3913 1
861 1
2845 1
132 0
4098 0
1877 1
1730 1
3002 1
2290 0
903 1
109 0
2928 1
4171 0
4658 1
3964 0
3093 1
2893 1
1566 0
762 1
1658 0
2373 1
4539 0
1578 1
299 1
360 0
2606 1
842 1
1645 0
3739 1
4446 1
1932 0
4718 1
157 1
1412 0
591 1
2191 1
3167 0
3941 1
4060 1
2252 1
4055 0
3230 0
1666 1
4082 0
1785 0
3509 0
3649 0
4995 0
2826 0
1552 0
4589 0
2711 0
734 1
1451 1
3289 1
4181 1
3209 1
317 0
3338 0
440 0
3802 0
2055 0
2561 1
1488 1
4040 0
1920 1
3311 1
4507 0
2086 1
690 1
3795 1
3949 1
1372 0
2695 0
3915 0
2122 0
1789 1
4085 0
3115 1
1228 0
4752 1
771 0
4712 1
3711 0
10 1
337 1
3492 0
451 1
4732 0
2122 0
1483 1
311 0
863 1
1442 1
994 1
3855 1
2357 1
1220 0
3399 0
1456 1
4028 1
4304 1
106 0
4202 0
3507 0
3091 0
2747 1
3386 0
1203 0
2275 0
514 1
4461 0
4053 1
1430 1
1272 0
646 0
356 0
2708 0
1528 1
122 1
3699 1
2598 1
1365 0
3406 0
2318 1
2491 1
2638 1
277 1
1438 0
1728 1
969 1
3799 1
1942 0
815 1
456 0
3246 1
4516 0
2097 1
4827 0
1520 0
932 1
3804 0
1980 0
4972 0
2038 0
3374 1
3976 0
1988 0
3277 1
373 1
4394 1
505 1
587 0
471 1
3937 0
1378 0
2925 0
547 0
1178 1
186 1
3563 1
2902 0
3056 0
3144 1
4993 1
2019 0
4066 0
2415 0
832 0
180 0
34 0
2116 1
3402 0
801 1
3739 0
4777 0
1076 1
3756 1
2720 0
1089 0
4703 0
4897 1
2850 0
804 0
4887 1
3313 0
1958 1
2757 0
459 0
4675 0
2044 1
1700 0
4833 1
3177 0
1904 0
1776 1
4719 0
3146 1
210 1
1303 1
456 1
1611 1
759 0
803 0
3864 1
3672 1
4426 0
4602 0
4123 1
1470 0
371 0
3580 1
1872 0
3697 1
436 1
4616 1
1280 1
3461 1
243 1
1040 0
2782 1
3604 0
1217 1
3642 1
4724 1
1292 0
511 1
897 0
869 0
268 0
2683 0
823 0
811 1
3337 1
4944 0
88 0
1304 0
2552 0
4241 0
2140 1
2142 1
2264 1
2157 1
3113 1
359 1
1633 0
1591 0
2929 1
3064 1
2603 1
1776 1
1674 0
601 1
3805 1
915 0
1415 1
2423 0
161 1
4152 0
2817 0
3187 1
363 1
4571 1
2200 0
2968 0
2489 0
1100 0
3432 0
2598 1
2160 1
3334 0
1513 1
4275 1
4115 1
4978 1
4013 1
3358 1
4023 1
3873 1
2113 1
893 1
3106 0
1443 0
2882 1
4871 0
3843 1
2327 1
1336 1
2085 0
716 0
4524 1
425 0
1186 1
3805 0
61 1
1065 0
1562 1
3184 1
1220 0
3086 0
2826 0
1942 1
2415 1
2213 1
4382 1
400 0
376 1
4206 0
1212 0
848 0
3281 1
3700 1
1864 0
1220 0
4439 0
2232 0
1592 0
1582 0
3427 0
1635 0
1708 0
1246 1
1675 1
4137 1
3813 1
3819 1
2136 1
4707 0
3553 0
1207 1
212 1
1586 1
2558 0
2938 1
192 0
691 1
1321 0
3993 1
3402 1
3514 0
2697 1
758 0
3534 0
1487 1
4993 1
2450 0
1473 1
1193 1
2282 1
1345 0
2901 0
4173 0
3199 1
4101 1
2552 1
3441 0
4189 1
4156 0
3410 1
2909 1
4290 1
1652 0
473 0
207 0
1803 0
620 1
3384 0
1217 0
2321 1
2293 0
98 0
2122 1
4185 1
2146 0
3180 1
575 0
1907 0
4374 1
641 1
3078 0
3577 1
2997 1
3524 0
4470 1
635 0
4731 0
247 1
3203 1
3570 0
4788 0
4001 0
151 0
4090 0
674 0
352 0
2975 1
72 1
116 1
3235 0
808 1
568 1
3763 0
1064 0
1122 1
3014 0
2669 0
627 0
1329 0
4653 1
1491 0
3885 1
4026 1
3045 1
945 0
1310 0
594 0
2918 1
2854 1
862 1
4258 1
4666 0
3574 1
2711 0
350 0
3260 0
171 1
370 1
3362 1
359 0
4049 1
2775 0
4222 1
1243 0
3179 1
1864 1
686 1
2229 0
2684 1
4477 1
4392 1
959 0
3083 1
3485 1
1720 0
1662 0
199 1
1230 1
2447 0
482 0
1025 1
2906 1
4919 1
4285 1
2562 0
2447 0
602 0
2112 1
1860 0
4051 0
2247 1
3205 1
727 1
1470 0
856 1
4322 1
1318 1
2799 1
1858 1
2962 0
4952 1
2437 1
1959 0
3338 0
3145 0
4430 0
4621 1
4089 1
2648 1
3859 0
144 1
567 0
4240 0
544 0
4093 1
254 0
1621 0
3814 1
468 0
130 1
503 0
2630 0
4719 1
3801 1
3339 0
3987 0
3712 1
3188 1
2221 1
1013 0
4381 0
4430 0
2554 1
4823 1
3644 1
1598 0
4955 0
682 0
3488 1
4507 1
3530 1
3406 0
1903 1
2969 1
1839 0
2996 1
578 1
2558 1
166 1
4815 0
63 1
4728 1
4345 0
1669 1
1028 0
4938 0
2229 0
3969 1
1116 1
2506 1
3687 1
345 0
715 1
3879 1
3624 0
4590 0
4279 1
4824 1
1280 0
315 0
869 1
3410 0
2483 0
1944 1
4410 0
4109 0
3941 0
3898 0
4733 1
4321 0
4120 0
1877 1
3155 0
1408 0
3398 0
1445 1
1468 0
2940 0
3770 0
1649 1
175 1
1947 0
211 1
486 0
3455 0
2064 1
331 1
1458 0
2099 0
3451 1
2098 1
2558 0
4365 1
3848 0
3261 1
686 1
3024 0
2835 1
21 1
1719 1
1920 0
2681 0
694 1
3926 0
1052 0
3983 0
4833 1
3272 1
640 1
746 1
538 0
1406 1
2447 0
4219 1
974 1
1658 1
2858 0
1179 1
625 0
4314 1
1901 1
1414 0
2815 0
1189 0
4991 1
4442 1
3673 0
1131 1
2835 1
3737 0
3624 0
2457 0
61 0
3675 0
3688 0
20 1
195 1
4851 0
2423 1
4181 1
834 0
1917 0
1748 1
800 1
154 0
4526 1
4092 0
1089 1
4137 1
2498 0
1209 1
2154 0
3527 1
796 1
676 1
311 1
412 0
642 0
1017 1
429 0
2203 1
2321 1
706 1
4857 1
4957 1
2527 1
2682 1
1604 1
3647 1
2520 1
3235 1
4318 0
2787 0
2725 1
1927 1
3359 1
3900 0
2803 1
4262 0
770 0
4850 1
4524 1
471 0
607 1
2283 0
2917 1
285 1
859 0
3519 1
3382 0
879 1
1262 1
3145 1
3316 1
1772 0
4790 1
3572 0
1004 1
2085 0
1475 0
3456 1
3394 1
2395 0
120 0
4934 0
3102 0
4412 0
1780 1
1768 0
3231 1
4584 1
2787 1
3264 0
2668 0
3898 1
387 0
2780 0
2475 1
1590 0
4923 0
1372 1
2113 0
122 1
2027 1
2697 0
741 0
428 1
3619 1
1737 0
2566 1
1462 0
4594 0
4194 1
1647 1
821 1
2145 1
3570 1
1407 1
633 1
1147 0
4885 1
2505 0
1103 1
1647 1
3579 1
2824 1
1982 0
2182 0
3123 0
948 0
2583 0
2880 1
4814 0
2417 0
4968 1
1277 1
4349 0
1584 0
2795 0
3600 0
3518 1
3695 1
450 0
1975 0
1776 0
551 0
1495 1
3645 1
1902 0
2935 1
2115 0
2684 1
2809 1
3178 0
3446 1
402 1
1360 1
4311 1
3463 1
4446 0
1081 1
540 1
218 0
90 1
1208 1
4215 1
2982 1
3803 0
3271 1
2088 0
3537 1
24 1
4257 0
2361 0
1569 0
2522 0
3575 0
1941 1
2094 1
4328 0
3116 0
1912 0
2648 1
3221 0
2030 0
141 1
2554 0
848 0
3622 0
2494 1
1028 0
2796 0
750 0
3600 0
667 1
2699 0
2088 1
522 1
1411 1
4878 1
4027 0
744 1
328 0
2183 1
3744 0
3284 1
2112 1
898 1
947 1
3968 0
4105 0
1009 0
4208 1
1217 0
1025 1
2044 0
827 1
1049 0
994 1
4957 1
2737 1
3357 0
435 0
4064 1
1614 1
3349 1
3713 0
1134 0
3753 1
509 0
2584 0
1361 1
810 1
4875 0
3941 1
1475 1
814 1
399 0
3390 0
4049 0
2269 0
3045 0
4541 1
4310 1
4946 1
1881 0
1572 0
2654 0
2337 0
4191 0
2959 1
2604 1
1749 0
4722 1
4059 0
193 0
2715 0
969 0
525 0
2199 1
1896 0
1967 1
4869 0
3045 0
1192 0
248 0
3156 0
343 1
4916 1
1476 1
3770 1
4489 1
1673 1
4361 1
2037 0
1587 0
2174 0
2418 1
2762 1
3926 0
691 1
1879 1
3575 0
735 0
3860 1
3518 0
129 1
919 0
2116 0
4153 1
4142 1
3239 0
1777 1
3069 0
2130 0
95 0
844 1
2724 1
2790 1
3692 1
3129 1
2395 1
3469 0
2759 1
1367 1
4617 0
643 0
936 1
2442 1
4415 0
1342 0
474 0
1927 0
777 0
2377 1
930 1
3680 1
2598 1
3812 0
1660 1
210 0
597 1
3476 0
2041 1
4477 1
0 0
4450 0
3717 0
128 1
2425 0
835 1
1579 1
3814 1
4559 0
3930 0
593 1
2568 1
370 0
3257 0
1763 1
368 0
2474 0
1140 1
4430 1
2094 0
198 0
2482 0
3925 0
1663 0
324 0
4879 1
450 1
1155 1
1167 1
1095 0
2849 0
114 1
211 1
545 0
2923 0
3473 0
749 0
4156 0
4720 1
1878 1
3414 0
3504 0
4049 1
2861 0
1050 0
4753 0
4311 1
656 0
2984 0
2449 1
2297 1
585 0
2046 1
62 0
2247 1
36 1
3360 1
159 0
2074 1
2919 1
1831 1
4655 0
3492 0
4729 1
1251 0
3356 1
2941 0
4088 1
4338 0
4150 0
1316 0
595 1
3649 0
999 0
3475 0
79 1
387 0
1188 1
823 1
4590 0
184 0
3516 0
374 1
17 0
4202 0
1743 0
3883 0
3994 1
1301 0
304 1
4212 0
832 0
3275 0
4007 0
1839 0
731 1
2413 0
1419 1
2095 1
3532 0
984 0
4746 1
85 1
242 1
4202 1
1187 1
1724 0
670 1
942 1
2371 0
2045 1
882 1
1766 0
1667 0
4562 1
2667 0
4350 1
1274 1
2822 0
509 1
2040 1
2842 1
767 0
4748 0
2839 1
3737 0
1559 0
3810 0
2853 1
4003 1
1415 0
870 0
2851 0
3167 0
2844 1
1707 1
2801 1
396 1
3450 0
1175 0
4562 1
370 0
1926 1
544 0
4841 0
4240 1
4102 0
2256 0
2097 1
4483 1
808 1
857 1
4975 0
4231 1
1492 1
983 1
3252 0
2485 0
3537 1
503 1
3068 1
113 0
1831 1
122 1
121 1
2835 0
2413 1
570 1
2584 0
3084 0
767 0
1031 1
2648 0
2292 1
76 1
4030 1
1443 1
1087 1
3127 1
514 1
747 0
2839 0
1431 1
2214 1
2913 1
2939 0
201 0
4125 1
4481 0
2488 1
4133 1
4759 1
2312 0
282 1
2350 1
1953 1
2061 1
323 0
2256 0
2831 0
2110 1
111 1
424 1
3612 0
3600 1
1024 0
1418 0
4455 0
1213 1
3668 1
4019 0
2062 0
3666 1
4391 0
4315 1
1767 1
4110 1
4239 0
4868 0
2145 1
2188 1
2311 1
2552 0
671 1
3651 1
2716 0
1986 1
1902 0
4407 1
3951 0
77 1
3362 0
369 1
4831 1
2748 1
4481 1
2248 0
2792 1
2978 0
2042 0
2819 0
1509 0
1225 1
4448 1
1861 0
1383 1
3807 0
2991 0
4140 0
858 0
1557 1
3095 0
1186 0
3204 0
3816 0
4395 0
1104 1
3474 0
1427 0
984 1
2449 1
4335 1
659 0
168 1
3121 1
2683 0
4936 1
4514 0
313 1
2210 0
3920 0
3450 0
105 0
1695 0
3272 1
1755 0
237 0
1706 1
1743 1
1923 0
841 0
1891 0
1710 0
1828 0
4124 0
291 0
1591 1
4769 1
1091 0
2889 0
4850 1
2851 1
723 0
1608 1
3956 0
1439 1
3431 0
1964 1
2458 0
4751 1
4015 1
168 1
634 0
3611 0
1836 0
2833 1
4083 0
3514 0
3789 0
1153 1
3332 0
1638 1
343 0
1505 1
1464 1
2767 0
344 1
3454 1
1698 0
76 0
2642 1
3739 1
1947 1
1408 0
4165 0
1200 0
850 0
3429 0
2541 0
2821 0
2632 0
2465 0
4709 1
2747 1
1665 1
4847 0
1628 1
4859 1
3577 1
1623 0
3535 1
4100 0
3258 1
1089 0
1931 0
2429 1
2254 0
306 0
1517 1
4724 0
222 0
3735 0
1562 0
1101 0
3370 0
4344 0
2470 0
1162 0
4164 1
13 1
2793 1
875 0
186 1
852 0
4302 1
2441 0
2771 1
3846 1
3558 1
4011 0
4840 1
4615 1
3698 0
4686 0
3354 0
3841 1
2642 1
2028 1
3338 1
2756 0
2864 0
3711 1
2461 0
261 1
4647 1
920 0
393 1
3085 1
3858 1
4707 0
2812 1
1469 1
4876 0
4051 0
2845 1
3519 1
4807 0
4514 0
3887 1
438 1
2503 1
1005 1
4251 1
3497 1
2445 1
3729 0
2766 1
3696 1
1821 1
2967 1
4107 1
2173 1
1988 0
394 1
1389 0
2920 0
4388 0
4961 0
3406 1
512 0
4826 0
1217 0
25 0
4503 1
1537 1
1258 1
4664 0
1595 0
560 1
2036 0
3930 0
465 1
4374 1
804 1
2439 1
3807 0
527 1
1313 1
1808 1
2148 0
1643 0
3773 1
1496 0
3312 0
525 0
213 0
4161 0
2102 0
2478 1
3834 1
4077 1
3653 1
2581 1
4186 1
3271 1
4647 0
982 0
2902 1
716 0
4196 1
401 0
3482 1
260 1
3192 0
1430 0
2065 1
3030 1
2097 1
3379 0
2429 1
3019 0
4156 1
857 1
882 0
1275 1
2274 0
3642 1
3722 0
1542 0
769 0
705 1
2537 0
3308 0
4053 0
1469 0
2134 0
3708 1
2673 1
2304 0
1455 1
295 0
1706 1
1493 0
1906 0
512 0
93 1
4227 1
1998 0
2506 1
1690 1
1557 1
4412 0
146 1
3040 0
4317 1
231 0
1355 0
4752 0
1854 1
3918 0
2488 1
4789 0
2631 1
1311 0
2392 1
2 1
3094 1
4248 0
4427 1
3137 1
1624 1
3183 1
4896 0
4069 0
1569 0
4 1
1450 0
695 0
1125 1
4038 1
687 0
1890 1
2632 1
2167 0
1112 1
4450 0
1071 0
1051 0
4132 1
632 1
1682 0
997 1
4095 0
4107 1
4184 0
1884 0
1673 0
4055 0
686 1
3496 0
4895 0
2513 1
77 0
3264 1
4546 1
3297 1
4692 1
4093 0
1634 0
4341 1
2455 0
2501 1
2488 0
177 0
675 0
712 0
626 0
3383 0
4580 0
3239 0
2284 0
583 0
1182 1
4099 1
3293 0
2536 1
1609 1
4809 0
275 0
1484 1
796 0
3337 0
3056 0
157 0
4765 0
3757 1
3745 1
1630 0
1910 0
2484 1
3021 1
2228 0
622 0
917 0
4331 1
4772 0
3766 0
4417 1
215 1
1637 0
1990 0
1816 0
1464 0
2419 1
675 0
2176 0
4317 0
4930 0
4203 1
311 1
2029 1
4648 0
3890 0
3112 1
2315 1
3786 0
507 0
3561 0
325 0
3296 1
3207 1
2178 0
818 0
4141 1
2068 1
2241 0
1780 0
45 0
3015 1
338 1
2217 1
853 1
362 0
2648 1
1847 0
3662 1
1746 0
2505 0
1507 0
1409 0
3971 0
2123 1
1723 0
4487 0
4246 1
1311 1
4615 0
3701 1
1461 1
1184 1
2116 0
648 0
107 0
3123 0
2438 1
1638 0
3197 1
3314 1
3878 1
4457 1
4139 0
3654 1
47 0
1141 0
1315 0
1930 0
109 0
1429 0
4344 0
1152 0
1061 0
1832 1
362 0
3437 1
2099 0
358 0
2230 1
2873 0
286 0
2874 0
2119 1
3085 0
4017 1
3451 1
3048 1
956 0
3670 1
518 1
2681 0
794 1
1012 1
1509 1
4594 1
1823 1
4674 0
1474 0
2653 1
1950 0
2972 1
4254 0
4953 1
4292 0
370 0
155 1
1232 1
4798 1
1334 1
4373 1
1793 1
3619 1
2850 0
1829 0
4830 0
3389 0
4376 1
2698 0
751 0
1929 1
4718 1
1065 0
658 1
1925 1
4550 0
3253 0
4270 0
1712 0
1353 0
87 1
519 1
2182 1
2709 0
2437 0
810 0
2610 0
1037 0
970 0
435 1
3672 1
1109 0
1756 1
2659 1
2534 0
4934 0
1726 0
3513 1
4911 1
4146 1
1874 0
3304 0
517 0
1557 0
3256 1
1356 1
1267 1
642 1
3670 0
445 0
2601 1
4692 0
2014 1
2629 0
3979 0
4684 1
2492 0
4218 1
2739 1
4509 0
3485 1
2310 0
4343 1
4979 1
1117 0
3116 0
1015 1
909 1
1533 0
1932 0
3999 0
665 1
1438 1
563 1
30 1
3743 1
2555 1
15 1
1111 0
1861 0
764 1
362 0
1830 0
3622 0
1563 0
3683 1
2903 0
2492 0
1219 1
1348 0
1962 0
4024 0
2680 1
4264 1
2161 0
974 0
377 0
800 1
811 0
1366 1
649 0
3870 0
1467 1
1177 0
3258 1
917 1
2654 1
1095 0
3099 1
4917 0
1271 0
4450 1
3630 1
1282 1
2279 0
1997 0
2077 1
4034 1
3215 1
130 1
2152 1
4251 0
944 0
3928 1
4351 1
1009 1
1865 1
4642 0
2866 1
2329 0
3588 1
4018 1
4092 0
1568 0
1831 1
3437 1
2736 1
3742 0
3999 0
3576 1
3453 1
1167 0
4213 0
2651 1
4438 0
3800 0
864 0
2085 1
2502 1
597 1
194 0
4493 1
2429 1
3377 0
1000 0
2475 1
3414 1
354 0
4294 0
2843 0
4526 1
1685 1
2775 1
4756 1
3766 0
1561 1
757 0
3342 0
4405 1
794 1
1594 0
563 1
862 0
477 1
4375 1
3803 0
4487 0
2795 1
1144 1
4834 1
2783 1
3422 0
135 0
2500 0
4629 0
4394 0
555 1
3634 0
4529 1
67 0
2024 0
3184 1
4904 1
3017 0
4072 1
4420 1
3717 1
1498 1
4733 1
3883 0
1455 1
3838 1
2706 0
2869 1
712 1
1445 0
4248 0
101 0
4317 1
1980 1
3247 0
887 1
330 0
2841 1
3731 0
3832 0
2549 0
1307 1
1435 0
2029 1
4562 1
1330 1
4012 0
3610 1
3813 0
3511 1
2692 0
891 1
2977 1
474 0
1524 0
4307 1
1653 1
3645 0
1786 0
3976 0
173 1
4152 0
2006 1
4630 0
4902 0
1410 1
4753 0
4898 1
4456 1
2037 1
700 0
3016 1
2875 1
4494 1
3108 0
1825 1
1418 1
2762 1
3735 1
1752 1
3342 0
1949 0
518 0
3184 0
3051 0
3508 0
1523 1
4290 0
2914 0
4236 0
724 1
4943 1
3705 1
1589 0
4261 0
230 1
2440 1
965 1
3082 0
1015 1
3790 0
3316 1
2956 1
4252 0
2079 1
4436 0
1443 1
3904 0
3148 0
2265 0
3973 1
1949 1
1246 1
3904 1
657 1
3417 1
859 0
4064 0
1705 0
3661 0
286 0
1432 1
644 0
4087 0
2348 1
2485 1
339 1
2713 0
3802 0
45 0
3533 0
4640 0
3087 0
1519 1
2088 1
2601 1
1021 0
237 1
4695 1
4585 1
1355 1
2452 0
2377 0
4819 0
4301 1
2389 1
574 0
416 1
992 0
844 0
4433 0
2580 0
304 1
2421 1
242 0
4759 0
1526 1
4566 1
4915 0
1075 0
2104 0
2692 1
3159 1
2478 1
1209 1
1808 0
4813 1
3130 0
1560 1
4652 1
1067 0
4912 0
1733 0
1299 0
2807 0
248 1
2774 0
3618 0
2138 1
4835 1
1464 1
3497 0
4733 1
3662 0
4752 0
564 1
1830 1
1529 0
1104 0
4946 1
4026 1
3323 1
3767 0
2239 0
4264 1
4266 0
4975 0
1713 0
3639 1
3619 0
2648 1
2513 0
3307 1
1718 0
4406 0
1907 1
2162 0
2335 1
3999 0
3606 0
3760 0
4564 1
654 0
867 0
1785 1
4145 0
3972 1
1501 1
591 1
1779 1
2151 0
934 1
1243 0
4582 1
326 0
599 1
1769 0
2907 1
1449 1
3540 0
4798 1
4646 1
1356 0
507 0
4829 1
4431 1
4540 1
3515 0
3423 0
3907 0
514 0
4137 1
4323 1
2688 1
3889 1
3435 0
4730 1
3508 0
4568 0
4598 1
4226 0
4687 1
3728 1
4796 1
4577 0
28 0
4946 0
2255 0
1164 0
3322 1
2808 1
4276 1
1648 1
4121 0
1606 0
1366 0
1738 1
740 1
386 1
376 0
3988 1
3557 0
366 0
3684 0
1215 0
3565 0
1087 0
3999 1
290 1
275 0
824 0
2808 1
4689 1
175 1
3551 1
657 0
163 0
316 1
2248 1
1852 0
4104 0
4657 0
1879 0
4890 1
3339 1
196 0
843 1
1429 1
2458 1
2793 1
383 0
4141 1
4788 1
4557 0
1781 0
976 1
3123 1
672 0
70 1
4308 0
2343 0
516 1
4554 1
840 1
4568 1
4851 1
1380 1
4149 1
409 0
3491 1
4204 0
1093 1
4221 0
2470 0
1989 0
4358 1
1305 0
3481 1
1165 0
181 1
1444 1
4133 1
1003 0
1093 0
3624 0
961 0
2680 0
78 1
4242 1
1320 0
4968 1
3415 0
3508 1
2863 0
2274 1
2754 0
4522 0
1975 1
2448 0
2186 0
235 1
447 0
2209 1
831 0
2723 0
4371 0
3734 1
169 0
3449 1
711 1
3660 1
3752 0
286 1
3923 0
165 1
563 1
3200 0
2207 0
4329 0
4964 1
3412 1
3952 1
1364 1
1344 0
2956 1
135 0
4056 1
4704 0
944 0
31 1
2540 0
3530 0
4873 1
1225 1
2182 1
3585 1
3569 0
367 1
1777 1
4345 1
214 1
3294 0
183 0
4059 0
2286 0
1035 0
2659 1
1092 0
527 1
3616 1
2249 1
4841 1
2111 0
3152 1
272 1
2103 1
3956 0
1645 0
1872 0
3327 1
2417 1
1543 0
380 0
2703 0
735 1
2722 0
1713 1
1432 1
4996 1
3070 0
4463 1
4556 1
1669 1
4479 0
4888 0
3961 0
2943 1
1205 0
1204 1
500 1
536 0
4429 1
710 1
4025 1
2564 1
1091 0
3251 1
3807 0
4589 1
2063 0
1547 0
2391 1
2881 0
3280 1
4652 0
228 0
1445 0
42 0
1064 1
4315 1
2810 0
2285 0
3224 0
4948 0
1688 1
3211 1
3508 1
1909 0
2406 1
3946 1
1807 0
2096 1
2642 1
3552 0
256 1
2140 0
1222 0
3353 1
1841 1
16 1
2668 0
336 1
2772 0
1354 1
811 1
2276 1
3810 0
4383 1
2173 0
2697 1
4201 0
4965 1
3003 0
4071 0
4026 1
1339 1
3600 0
161 1
1745 0
1455 0
686 1
3863 1
1050 1
2949 0
4014 0
4161 0
1228 0
1914 0
1053 0
1831 0
2458 1
3308 0
2574 1
333 0
496 0
2197 0
1193 1
46 0
1883 0
349 0
2943 0
3092 0
3447 0
283 1
1314 0
1989 1
430 1
4488 1
1266 0
1899 0
1082 1
4785 0
2686 1
795 0
543 0
2127 1
2883 0
2392 0
1739 0
874 0
499 0
2857 1
113 1
64 0
3232 1
3821 0
74 0
866 1
4182 0
251 0
4069 1
4981 1
824 1
1739 1
2649 1
3187 1
2451 0
1243 1
887 0
2023 1
3506 0
3969 1
1747 0
3853 1
2431 1
1430 1
4915 1
3072 0
3300 1
792 1
3169 1
3912 0
1359 0
2929 1
2846 1
3673 0
1721 0
1723 1
675 0
4471 0
3390 0
363 0
133 1
4741 1
3113 1
3971 1
4667 0
3642 1
2875 1
3133 0
4040 1
3962 0
3694 0
1361 1
41 0
4821 0
2245 1
2809 1
3368 0
742 1
4559 0
3771 0
421 1
4419 0
801 0
2073 0
3578 1
2782 0
3366 0
4735 0
3141 0
2475 1
2083 0
2776 0
4255 1
3069 1
1106 1
963 0
3787 1
957 1
1625 0
942 0
4984 0
3029 1
1016 1
4756 1
2241 1
400 1
1993 0
4696 1
781 0
95 1
159 0
2416 0
3683 1
3830 1
641 1
536 0
1725 0
1200 1
1812 0
2364 0
1515 0
3945 0
3241 1
4933 1
1216 0
2759 1
953 1
2893 0
4408 0
1105 0
2421 0
2220 1
4612 1
3089 0
683 1
4589 0
974 0
2002 0
2503 1
1680 0
1900 0
150 1
3677 1
2094 0
2876 1
4197 1
1342 0
408 1
611 1
1512 0
1439 1
3533 1
1222 0
718 0
376 0
2821 1
3914 1
3063 1
854 0
740 1
4668 0
2208 0
4983 1
268 1
3589 1
3270 1
2541 0
18 1
4367 0
1694 1
4839 0
4750 1
2573 0
2835 0
2872 1
3786 1
3461 1
532 1
1986 1
1419 0
4558 1
4817 0
2531 0
4765 1
2390 1
2002 0
3666 1
1239 0
3757 0
1996 1
2797 1
3115 0
3037 1
2909 1
1312 0
4608 1
1817 1
1966 0
867 1
4373 1
3106 0
1807 1
1638 1
4861 0
4081 1
4223 0
2889 1
3016 1
2294 0
1711 0
3349 0
4080 0
2522 1
1884 0
4921 0
2583 0
1942 1
3093 0
3556 1
2568 1
1397 0
3142 0
1342 0
4911 1
720 0
2094 1
3574 0
577 1
3557 0
796 0
160 0
1639 0
3464 0
2111 0
4162 1
3044 1
185 0
3392 1
3701 0
4865 1
149 0
4323 0
3485 1
3451 0
3670 0
2643 1
2528 0
1955 1
1777 0
1467 1
1552 1
4511 1
3197 1
38 0
2264 0
1775 0
2052 1
3820 1
163 0
2451 0
3609 1
2477 1
1065 1
2671 1
3146 1
3399 1
2061 0
2128 0
2712 0
197 0
3940 1
1348 0
4657 1
1328 1
2123 1
411 1
938 0
787 0
2954 0
112 0
1717 1
2168 1
2412 0
3625 0
3719 0
4388 0
588 1
183 0
4190 0
4751 0
677 1
1499 0
3477 0
2370 1
623 0
1622 1
4465 1
1941 1
4290 0
2493 1
3668 1
4450 0
4280 1
3958 0
2423 0
3111 0
338 0
3868 0
1359 1
4015 1
1724 1
1660 1
1191 1
3909 1
995 1
1527 0
1885 1
4690 0
1156 1
1474 1
4174 1
4298 1
3978 0
1106 1
1642 0
3429 0
2297 0
2272 0
3168 1
190 1
2087 0
1291 0
1915 0
3982 0
3082 0
1094 0
2059 1
1304 1
2279 1
2272 0
3664 0
2656 0
4902 1
1277 0
4633 0
2701 0
1211 1
4499 1
2994 1
2477 0
469 1
3081 1
2791 0
2140 1
3358 1
3544 0
1579 1
3323 0
3765 0
1559 0
2108 0
659 0
3805 0
2462 0
2835 1
64 1
2460 1
1927 0
621 1
2993 1
4786 0
883 1
4931 1
2037 1
3428 1
4611 0
915 1
321 1
1151 1
1414 0
1147 0
3569 1
890 0
3900 0
3884 1
4874 1
106 1
3425 1
925 1
461 0
4882 1
1987 1
2521 0
2885 0
331 1
1770 0
2340 1
2516 0
1739 1
3202 1
815 1
2889 0
3715 1
3686 1
2376 0
442 0
343 1
2172 1
403 0
2818 1
1279 0
3983 1
4089 1
3387 1
2636 0
4848 1
1307 0
2889 1
3055 1
3340 0
2653 1
1304 1
4813 0
2115 1
4145 0
2033 1
3056 0
3504 1
1933 1
2980 1
3890 0
4235 1
695 1
4650 0
66 0
2226 0
3181 0
1472 1
3615 0
945 0
885 0
1784 0
2536 1
3389 0
3301 0
1709 1
1209 0
4058 1
925 1
4407 1
4182 1
2301 0
1410 1
1674 0
125 1
1842 1
3760 1
90 0
4485 0
558 0
973 1
2739 1
4614 1
222 1
1191 1
4203 0
841 0
1496 1
94 1
4154 0
4741 0
682 0
1317 0
1470 0
570 1
663 1
2702 1
3825 0
2852 0
3818 0
3034 0
1734 1
366 1
3422 1
4380 0
4540 1
1625 0
3590 1
2065 0
3267 0
2938 0
3849 0
348 1
1243 1
4321 1
4416 0
2292 1
781 1
4974 0
4770 1
3849 1
3861 1
1723 0
979 1
1170 0
1047 0
2288 1
1429 0
2553 0
2049 0
4067 1
1195 1
843 0
580 1
3852 1
1823 1
1863 1
76 0
3247 1
1890 0
2767 1
4226 1
2460 0
3117 0
665 1
2951 0
935 1
1044 1
1686 1
3533 0
3981 0
736 1
1500 0
4310 0
4213 0
4147 0
569 1
4451 0
9 1
2800 0
2555 1
2441 0
126 0
2398 0
2252 1
1077 0
4681 0
3159 1
2073 1
2561 1
4856 1
4865 0
208 0
3908 0
270 1
1391 1
2536 0
1775 0
526 1
4095 1
363 0
362 1
3006 1
1826 1
4362 0
3754 0
676 0
2168 0
755 0
1209 1
3490 0
3695 0
2920 0
2848 0
659 0
908 0
2104 0
844 0
2666 0
4446 0
256 1
3439 1
3707 0
2146 1
4867 1
779 0
1665 1
455 0
2353 1
3122 0
129 1
1402 0
545 0
3922 0
1339 1
1503 1
808 1
2581 1
2174 0
4396 0
1418 1
4669 0
81 1
3620 1
2446 1
449 1
789 0
52 0
1393 1
4601 0
2533 1
1944 0
4911 0
2523 1
695 0
1046 0
4893 0
3934 1
4504 1
263 1
255 1
3227 1
815 1
1735 1
3083 1
1486 0
2911 1
3774 0
700 1
4162 0
1951 1
3871 0
1108 1
1611 0
2086 1
1468 0
336 1
1355 0
3224 0
4621 0
2267 0
158 1
468 0
3599 1
260 1
4608 1
3234 0
530 1
308 0
2142 1
3732 0
3526 0
3586 1
2397 0
4686 1
2156 0
2347 0
3647 1
1284 1
2039 0
2478 1
4122 0
2076 0
1478 0
3069 1
1579 1
4214 1
3788 0
4484 1
2637 1
250 0
210 0
1780 0
1107 1
4119 0
919 1
3254 0
3225 1
4813 0
4867 1
2981 0
1380 1
2133 0
4317 1
2791 0
2622 0
2361 0
2228 1
227 0
2937 0
499 1
3526 1
978 0
3406 0
3967 0
1208 1
1409 1
3692 0
481 1
1938 0
3020 1
2783 0
660 1
3220 1
4655 0
3756 0
3317 1
284 0
2935 0
2536 1
3818 0
1051 0
2372 1
2991 1
2018 0
128 0
1616 0
1688 0
4188 1
2383 1
3700 0
2871 0
728 1
1329 0
1204 0
1536 0
1299 1
913 1
1435 0
348 0
1888 0
3380 1
3949 1
4893 0
1647 0
4803 1
3449 1
2655 0
595 1
1720 0
1649 0
2730 1
567 0
4031 0
4759 0
2306 0
3371 1
1755 1
2291 0
95 0
2048 1
4913 0
3856 1
4105 0
523 1
2194 1
1058 0
2772 0
3355 0
902 0
1468 1
2183 1
3094 1
3409 0
2112 0
2652 1
3399 1
2234 1
3060 1
4838 1
4284 0
2277 0
1635 0
65 0
2162 0
1858 0
4424 1
4127 0
4895 0
3304 1
1374 1
3879 1
3907 1
3125 1
3946 0
3474 1
1932 0
3526 1
602 1
482 0
4009 1
3880 1
1871 0
2138 1
1496 1
2542 0
1317 1
571 1
76 1
2113 1
4502 0
2256 0
2175 0
1259 0
4421 0
2153 0
432 0
800 0
1471 0
1482 0
3076 1
3469 1
241 0
2671 1
1857 0
4596 1
4261 1
1609 1
2046 0
233 1
4390 1
4562 0
470 0
2861 1
2346 0
2666 1
2617 1
2117 0
4795 0
854 0
4416 1
4 0
213 1
2110 1
3428 1
2677 0
2914 0
1520 1
3280 0
4415 0
3401 1
1356 0
1438 1
3185 0
4763 1
1844 1
498 0
216 0
1805 0
1610 0
1650 1
4714 0
284 0
2522 0
3286 1
1877 0
3986 0
83 1
3472 1
4969 1
4122 0
2628 1
3819 1
2239 1
3605 0
475 0
1683 0
1661 0
798 0
3796 1
4560 1
1114 0
4760 0
4152 0
3113 1
1785 1
181 0
4239 0
2536 1
2229 0
582 1
3403 1
2513 1
2790 1
1395 0
4479 1
1806 0
3268 0
1149 0
2819 1
1500 0
1289 0
3792 0
4917 0
1591 0
1162 0
2588 0
1813 0
565 1
825 0
2040 0
2099 1
1631 1
2877 0
2966 0
694 1
1970 1
4372 0
3284 1
4866 1
885 1
109 1
4543 1
3496 0
1019 1
2455 1
2662 0
3561 1
3370 1
1972 1
2514 0
3468 1
2734 1
1226 1
913 0
2121 1
4574 0
1327 0
748 1
2940 1
3232 0
676 1
1013 0
1020 0
4820 1
1639 0
2189 1
3336 0
3358 1
1575 0
1304 0
4378 0
464 0
4729 0
4641 0
3574 1
2635 0
3468 1
2336 1
390 0
4541 0
2005 1
4361 1
554 1
3266 0
4188 0
239 1
4437 0
3524 1
1354 1
3490 0
3140 0
1117 1
999 0
4069 1
35 0
4961 1
3282 1
3882 0
962 1
4852 0
4328 1
97 1
4479 1
3234 0
3511 0
1580 0
4325 1
2524 0
4332 1
544 0
1007 0
1852 0
174 0
3970 0
832 0
4037 0
33 0
2076 1
1429 0
158 1
3891 0
742 0
2469 0
192 1
61 1
2200 0
1342 0
1038 0
2774 0
3820 1
2989 0
977 0
215 1
485 0
2704 1
682 1
4893 1
2173 1
607 0
3989 0
2183 1
1365 0
2792 0
2445 0
2411 0
4489 1
3317 1
1065 0
3621 1
2558 1
2699 0
4168 0
1826 1
2702 1
3874 1
914 1
2025 0
1687 0
2614 1
327 1
14 1
2604 1
1492 1
957 0
2232 0
858 0
2071 1
4316 1
3957 0
71 1
960 0
3936 0
1840 0
778 0
2992 0
4503 0
3638 1
2992 0
1040 1
4619 0
1754 0
36 1
4863 0
1247 0
1888 1
1727 0
279 0
2642 1
1883 0
305 0
3758 1
3485 1
1026 0
4522 1
3255 0
1617 0
2386 1
1703 1
2820 1
1923 0
4660 1
4133 1
3951 0
3258 0
2971 0
1615 0
2108 0
4075 1
2467 1
4315 1
2752 0
1670 1
1447 0
3353 0
4522 1
2422 0
3212 1
4320 0
864 0
787 1
4292 0
1233 1
1896 0
1506 1
3116 1
2062 0
2654 0
3940 1
2083 1
1318 1
2340 0
4174 0
46 1
1437 0
3576 1
74 0
1988 0
11 0
4893 1
2420 1
2277 1
3172 1
489 1
2174 0
3386 0
4444 0
4509 0
3276 0
845 1
4079 1
920 1
2836 0
1295 1
2758 0
2018 1
4826 0
3218 1
3947 1
4088 0
3761 0
2777 0
3210 0
959 0
3706 0
2981 0
2260 1
374 0
4744 0
2856 1
2335 0
3864 1
4667 1
4935 0
3020 0
3440 1
1845 0
49 0
232 1
1382 1
2360 1
4492 1
795 0
1610 1
3267 0
4592 1
1396 0
1951 0
4860 0
2967 1
4540 0
4317 1
2601 0
3447 0
1090 1
2340 0
197 0
4112 0
650 0
4810 1
282 1
3163 0
1080 0
219 0
4012 0
52 0
1250 0
3154 0
1135 1
4869 0
1867 0
683 0
1874 1
3622 1
751 1
3554 0
4073 1
1733 0
3305 0
889 1
520 1
4940 0
1169 0
1404 1
3464 0
2975 1
1593 1
4570 0
3821 1
2601 0
1418 1
2008 1
4242 1
4835 1
1245 1
553 0
4413 0
4823 1
605 1
1101 1
4046 0
2463 1
3168 1
1899 0
4627 1
47 1
153 0
4289 1
2275 1
2382 1
2564 1
162 0
771 1
2274 0
2798 0
2847 0
3899 0
983 1
2097 0
1588 0
3301 1
2977 0
3440 1
3723 0
3094 1
1750 0
4956 0
3889 0
3905 1
786 0
1511 0
3681 1
4014 0
1020 0
1282 1
4689 0
3913 0
4954 1
3531 0
830 1
2544 1
3191 0
2701 1
245 1
3895 1
416 0
1689 1
1445 0
2565 1
2251 0
2268 1
4050 0
4255 1
4131 1
2646 0
1153 1
436 0
3544 1
3100 1
4125 0
2697 1
4818 1
4973 1
3860 0
2438 0
4841 0
419 1
3640 0
189 1
3468 0
1677 0
832 1
3197 0
3198 1
4691 0
3016 0
2883 1
3523 1
529 1
4590 0
4146 1
752 0
986 0
3324 1
4798 0
571 0
2529 0
4292 0
1799 1
3351 1
2627 1
3732 0
1378 1
2888 0
1798 0
2074 1
3991 0
3814 1
3357 0
976 1
3737 1
3660 0
2334 1
1487 1
2204 1
3589 0
3576 1
3870 1
3887 1
1681 1
318 0
4152 0
4521 0
3660 1
4150 0
507 0
4375 1
1952 1
1669 0
4662 1
519 1
3849 0
906 1
4073 1
30 0
2161 1
3885 0
96 1
845 0
4543 0
1587 0
3883 0
4886 0
355 1
236 1
471 0
4062 1
4123 1
937 0
758 0
2612 0
4240 1
2210 0
386 1
2314 1
2231 1
195 0
2520 0
2167 0
3675 1
177 1
2262 0
2444 0
3287 0
204 0
4723 1
3845 1
3436 0
2983 0
1705 1
367 1
2521 1
3316 1
3832 1
2380 0
4166 1
39 0
4965 1
1574 1
4497 0
2570 1
990 1
2119 1
2344 1
2097 0
2917 0
3795 1
3323 0
1739 1
3554 0
117 1
1070 0
2445 0
3052 1
768 0
2908 0
371 1
3121 1
3225 0
470 1
2633 1
4374 0
3335 0
3792 0
966 1
4855 1
3711 1
742 0
1587 1
2972 0
4142 0
4024 1
1173 1
3286 0
1600 1
378 1
4469 0
2192 0
188 0
1908 1
4670 1
3206 1
1460 0
228 1
759 1
1580 0
3408 1
2094 1
1986 0
2891 1
273 1
3126 0
2542 0
4446 0
3201 0
577 1
2595 0
3215 0
3013 1
488 0
3693 0
1507 0
730 0
2903 1
603 1
3845 0
4966 1
1301 1
702 0
3142 0
2758 1
2097 1
1494 1
2434 0
939 1
4037 0
1438 1
2609 1
251 0
3501 1
3799 1
2561 1
844 1
2289 0
105 0
4898 1
4859 0
3061 1
3985 0
2987 0
2677 0
4172 0
3014 1
3226 0
4594 0
4328 0
254 1
152 0
2454 1
2233 1
658 1
4729 0
1652 1
2681 0
2624 1
2171 1
3503 1
707 0
3163 1
2535 1
98 1
1912 1
3078 0
4608 1
783 0
44 0
488 0
1856 0
3457 1
2510 1
2762 0
3713 1
1043 0
1730 0
580 0
3822 0
4130 0
1922 1
961 0
3529 1
1041 0
3246 1
113 1
1330 0
960 1
1644 1
3475 1
182 0
316 0
4626 0
164 1
1557 0
243 0
4113 0
2293 0
916 0
1088 1
3845 0
1653 1
779 1
1919 0
2206 0
4995 0
2500 0
2831 1
4939 1
3350 1
2703 1
2067 0
1282 1
605 1
2239 1
2088 1
2922 1
1326 0
2067 0
3078 1
345 1
2804 1
272 0
3915 1
4702 0
3600 0
3526 0
2482 0
2971 0
1192 1
3047 0
907 1
4741 0
3938 1
280 1
3249 0
2456 0
312 1
1861 0
4319 1
3606 1
4291 0
2393 1
2635 0
4048 0
3433 1
4959 0
2035 1
2682 1
1618 1
3091 1
2207 0
3486 1
580 0
4490 0
2941 1
4715 1
309 1
4779 0
2331 1
3968 1
1251 0
1450 1
2528 1
1549 0
4865 1
1087 0
2983 0
2441 1
3292 1
2788 1
958 0
4499 0
4782 0
2713 0
3045 0
3245 0
189 0
3784 0
2 0
998 0
4361 0
4610 1
4739 1
891 0
1330 1
3667 0
4840 0
2435 1
1598 1
4782 1
2128 0
1238 1
1248 0
552 1
330 0
327 1
4190 0
3901 1
3172 0
3969 0
2129 1
1664 0
1354 1
3468 0
3738 0
170 1
2127 0
4541 1
2022 1
3573 1
2546 1
4225 0
476 1
2596 0
2807 1
1344 0
3985 1
1611 1
1288 1
1479 0
1315 1
2818 1
4148 1
3345 1
1176 1
1761 0
4584 1
4073 1
587 0
3973 1
4148 1
4810 1
1498 1
2499 1
4596 0
1378 0
4492 1
4406 0
2219 0
785 1
4644 1
620 0
1188 0
1245 0
3471 1
3765 1
4101 0
3762 1
3634 1
2677 0
2560 1
3470 1
329 0
4135 1
691 1
364 0
1883 1
229 1
2874 0
939 1
2864 1
432 1
1218 1
3473 1
387 1
3074 0
2588 1
4880 1
4694 1
3406 1
4640 1
4582 1
3987 0
412 1
4572 1
1221 1
3764 1
1646 0
4160 0
2570 1
469 1
400 0
1405 1
558 1
1901 1
3547 1
4834 1
3743 0
99 0
3531 0
1179 0
3618 1
3296 0
1422 0
1331 1
3633 0
1242 1
4764 1
3427 0
1024 0
3345 1
4135 0
2785 1
3731 1
2258 0
843 0
2192 0
1989 1
1436 1
1101 0
3967 1
688 0
1570 0
264 1
4861 0
2037 0
2025 1
1522 1
183 0
2242 1
37 0
1187 0
4018 1
4753 1
4537 1
4882 1
3703 0
1004 1
3007 0
2002 1
644 0
3097 1
1404 1
3464 0
3090 1
565 1
3317 1
3692 0
4672 0
3542 0
4805 1
2859 0
1099 1
44 0
3590 0
2941 0
2067 0
3580 1
3182 0
1447 0
1449 0
3327 1
2553 1
2641 0
4997 1
1980 0
1333 0
158 0
434 1
1801 0
4439 0
932 1
858 0
3618 0
2137 0
4598 0
1654 1
1281 1
3417 0
4270 0
4557 0
3974 0
2725 1
4675 1
2040 0
2183 1
3922 0
4338 0
3980 1
1524 1
727 0
2407 1
399 0
4293 0
315 1
4934 0
1165 1
3467 0
4394 0
3401 0
2322 1
4265 0
1405 0
3728 1
2913 0
4207 0
2726 0
2373 1
3007 0
3294 0
1581 0
898 1
3489 1
4341 1
3859 1
669 1
1032 1
1481 1
1243 1
4174 0
1813 1
4148 1
2700 1
4017 1
4540 1
1733 1
1891 1
2924 1
3349 0
3264 0
2713 0
2446 1
1573 1
1182 0
489 0
3324 0
1442 0
3194 0
1697 1
1201 1
4522 0
63 1
3269 1
1794 0
1605 1
1531 0
1697 1
4415 0
4256 1
2438 1
3658 0
3400 0
938 0
594 1
3805 1
225 1
2433 0
1092 0
4627 1
3673 1
650 0
3255 1
1885 1
3321 1
972 1
2239 0
2873 1
2434 1
3585 0
2798 0
2527 1
2069 0
4663 1
2015 1
3752 0
3228 0
3596 1
4453 1
1858 0
2974 1
4885 1
1517 0
2204 0
4273 1
3332 0
3179 0
2799 0
2172 1
2466 1
4458 0
1227 0
3325 1
1873 0
1656 0
3257 1
4267 0
1196 0
4957 1
4736 0
4190 1
4006 0
281 0
1674 1
621 0
2993 1
1711 0
4117 0
396 0
518 0
1074 1
3035 1
4622 0
1126 1
3985 0
1513 1
1635 0
3249 0
3678 0
2074 1
416 1
2082 1
639 1
3515 1
4893 0
4440 0
1865 1
2661 1
3059 1
3770 0
2354 0
1572 1
2156 1
3610 0
1097 0
2837 0
2103 1
4993 0
2470 1
130 1
247 0
1035 0
2045 1
4952 1
188 0
3501 0
358 1
4236 0
4895 0
4700 0
1234 1
3858 1
2456 0
2431 0
3713 1
4994 0
2131 1
2424 1
2430 0
3338 1
3803 1
2865 1
1913 1
3028 0
2651 0
504 1
1618 1
4926 0
919 0
1705 0
1271 1
4944 1
432 0
1636 1
2449 0
1834 0
1813 1
3117 0
3153 1
3238 0
226 1
2394 0
810 0
3622 1
1030 1
2713 0
4730 1
2057 1
1377 1
730 0
3667 0
2782 0
3615 0
559 0
4749 1
277 1
244 1
4523 0
1343 0
4135 0
4825 0
1028 0
857 1
2423 1
1778 1
3765 1
2069 0
3629 0
152 0
1509 1
690 0
1229 0
2161 0
4693 0
250 0
3582 0
2029 0
984 0
4047 1
2825 1
2912 1
3974 1
843 0
4721 1
4496 0
3600 0
4368 1
3825 1
1934 0
2738 0
3698 0
3612 1
2283 0
4966 0
4355 1
4860 1
2086 0
4952 1
2790 0
1628 1
2256 1
177 1
1410 0
858 0
2520 0
1881 1
1269 1
3298 0
1442 0
1234 1
2408 0
4417 0
1281 1
3776 1
1747 0
4062 0
3337 0
3333 0
3242 1
4444 1
2788 1
4686 1
1819 0
3961 1
2601 1
410 1
2642 1
855 1
1901 1
698 0
4092 1
356 1
353 1
2177 1
2881 0
2062 1
2947 0
2430 0
1085 1
731 0
2938 0
3695 0
2321 0
855 0
1886 0
575 0
2667 1
4759 0
973 1
2967 0
4911 0
2227 0
4482 1
329 1
2400 0
4253 0
3554 0
3623 0
203 0
2802 1
3736 1
771 1
2013 0
775 0
3819 1
3192 0
1477 1
2941 1
2780 0
2879 0
2034 0
3222 1
2785 1
2817 0
380 1
4133 0
1701 0
1872 0
3138 1
3052 0
2742 0
2040 1
4367 1
2883 1
955 0
3679 0
598 1
4931 1
2803 0
4075 1
2423 0
3651 0
816 1
4190 1
4523 0
2265 1
4838 1
4189 1
639 0
2704 0
4186 1
2288 0
2341 1
4520 0
2671 1
4679 1
4508 0
571 0
206 0
4279 1
4708 0
3346 1
2202 1
1456 1
959 1
2139 1
3248 0
2634 1
4351 0
2085 1
3453 0
4822 1
2799 1
4638 1
2859 1
2734 0
3166 0
4819 0
4968 1
4561 1
436 0
3777 1
184 1
1978 0
4917 0
4263 0
4884 1
4036 1
830 0
688 0
295 0
3962 1
2207 1
181 1
56 0
806 1
4147 1
1882 1
2346 0
219 1
628 0
3338 1
4919 0
4548 0
3752 1
2144 1
1363 0
213 0
1239 0
3449 1
2841 0
4492 0
191 0
4023 0
2939 1
1153 1
77 1
1784 1
4569 1
2099 1
4274 1
73 1
1701 0
1912 0
3384 1
587 1
2321 0
4565 1
2806 1
1403 1
4184 0
2017 1
3400 1
1962 1
2838 1
3995 0
4656 0
4102 1
2058 0
649 0
4079 1
3020 1
2669 1
266 1
2526 1
3925 0
1929 0
3676 1
2447 0
1003 0
1052 0
2398 0
1770 0
