2976 1
4770 0
218 1
622 0
712 0
2051 1
2580 1
1561 0
1690 0
4521 1
2780 1
1653 1
2891 0
1865 1
4006 0
2356 0
3468 0
2308 1
1601 0
4337 0
4277 0
2047 1
1409 0
4667 1
4094 0
4422 0
1441 1
3454 1
83 1
4628 1
2287 0
2569 0
1814 1
795 0
512 0
2082 1
4224 1
2998 1
4090 1
2788 0
4558 0
2763 1
4638 1
1684 1
4240 1
2867 0
4649 0
3636 0
1666 1
2584 0
2267 0
3319 1
147 1
3476 1
1686 0
126 0
4826 1
4948 0
458 0
3242 0
649 1
2578 1
2897 0
4467 1
1997 1
4445 0
4421 0
2107 0
1785 1
1510 0
3199 0
2420 0
877 0
194 1
1705 0
3737 0
897 0
357 1
3882 0
1062 0
4579 0
2848 0
4624 0
4921 0
1891 1
3938 1
771 0
821 0
1431 1
4335 0
2156 0
3194 1
740 0
3200 1
4728 1
1855 0
1123 1
3308 1
1011 1
4861 1
2364 1
698 1
1510 1
4783 1
238 0
3781 0
4895 1
1800 1
1879 0
258 0
1967 1
2268 0
4521 0
190 0
1510 1
1139 0
203 1
3362 1
1060 1
1006 1
4968 1
45 1
3114 1
1850 0
4550 1
1602 1
3278 0
4608 1
798 0
1036 0
1201 1
2535 0
1717 1
3117 1
1746 1
4076 0
262 0
4281 1
3671 0
4723 1
945 1
1091 1
1547 1
3375 1
1849 1
2358 0
2938 1
807 1
3494 0
2433 0
2104 1
4659 0
3335 0
2095 1
1424 0
2932 1
4495 1
1593 0
1074 0
2444 1
4379 0
3678 1
2399 1
3325 1
2465 0
2485 1
4971 0
3288 1
2437 1
3018 1
3554 0
2583 1
4974 0
3148 0
496 0
1676 1
1746 0
3544 1
2543 1
2742 0
3979 1
930 1
76 0
3610 1
953 0
2726 1
3930 1
1613 0
837 1
1305 1
1705 1
2560 1
4687 1
300 0
678 0
4942 0
973 0
1313 1
1442 1
4914 0
4255 1
4607 1
654 0
3442 0
2333 1
529 0
4080 0
1545 1
1899 1
3701 1
2591 1
1291 1
868 0
966 0
231 1
4706 0
1226 0
4024 0
3238 0
1076 0
3565 0
2314 1
2400 0
4116 1
2057 1
4580 1
2812 0
3214 0
4828 0
991 0
2765 1
898 1
4067 0
3576 0
92 0
2878 1
2610 0
358 0
404 0
661 0
3643 0
3463 0
2466 1
1488 0
3561 1
3706 1
2233 1
318 0
2231 0
3606 0
4899 0
3685 1
4381 0
224 1
4870 1
3599 0
2479 0
2674 1
91 0
4944 1
698 0
4980 1
4607 0
583 1
1897 0
1867 0
3378 0
2009 1
2300 1
3897 1
823 0
4741 0
911 1
952 0
4281 0
1007 1
898 1
4262 0
342 0
3697 1
388 0
1739 0
3820 0
2878 1
38 1
996 1
623 1
515 0
4504 1
3889 1
3715 0
1469 0
4940 1
1472 0
3281 1
3873 1
3437 0
3788 1
3416 0
1082 0
4793 0
667 0
4167 1
3303 1
4002 0
161 0
4792 0
3684 0
65 0
1366 1
3029 1
3368 0
4907 0
75 0
174 0
3130 1
940 0
1736 0
1333 1
1483 1
4935 0
4405 1
978 1
812 0
949 0
743 0
122 1
1796 1
2620 0
4705 0
734 0
4114 0
2986 0
4486 1
2241 0
1006 0
3966 0
3255 1
2557 1
3693 1
3950 0
3837 0
4899 0
453 1
210 1
3018 0
4347 0
322 1
2982 1
4356 1
2131 0
3751 1
3478 0
3746 0
3778 1
2247 0
3227 0
3152 1
4422 1
3350 0
116 0
4632 1
4852 1
852 0
1116 0
761 1
1923 0
2048 1
4223 1
493 1
4586 0
2081 0
177 1
3645 1
1542 1
1936 1
4716 0
3826 0
2875 1
3755 1
1239 0
4942 0
1733 1
2620 0
4138 1
1661 0
854 0
2890 1
1679 1
3334 1
1235 0
2584 1
4543 1
1871 0
2442 0
466 1
2847 0
4548 0
2399 0
3240 1
1633 1
1614 1
4995 0
1222 0
2392 1
2599 1
3883 0
930 0
2947 1
4901 1
2484 1
1774 1
775 0
2615 1
1194 1
2416 0
2108 0
3019 1
4887 0
1481 1
2855 0
3610 0
1968 0
2869 1
1397 0
3008 1
3137 1
4212 0
3809 1
4791 0
4034 0
4184 0
2590 1
949 1
2797 0
2460 0
4215 0
3743 1
4666 0
2451 0
4382 1
4945 1
2946 0
2783 0
3689 1
1760 0
1135 0
218 1
4499 0
3907 1
4950 1
4301 1
142 0
3053 0
4656 0
872 0
3667 0
4261 0
1328 1
4722 1
2324 0
4093 1
3778 0
4888 1
3184 1
1926 0
1515 0
4 1
624 1
2817 1
1265 0
2023 0
860 1
2898 0
1034 0
4909 0
454 1
873 0
2371 1
214 1
909 0
41 0
4720 1
1785 1
806 0
1978 1
3292 1
3356 0
2990 0
4044 0
1579 0
1438 1
661 1
3970 0
4425 0
4939 0
2676 0
462 1
2730 1
446 0
1849 0
3312 0
481 0
1998 0
626 1
200 1
2701 1
1943 0
3950 1
2746 1
1449 1
61 1
4017 1
578 1
4122 0
2988 0
1152 0
3818 0
4320 0
1458 0
4563 0
4856 0
3297 1
3330 0
4064 0
3327 1
113 1
2342 1
1616 1
3582 1
297 0
3063 0
4222 1
4436 0
401 0
4841 1
3904 1
3581 0
2848 0
2154 0
4340 1
129 0
2926 1
1289 1
3096 1
1634 0
498 1
2548 0
4282 0
4615 1
582 0
1000 0
1857 0
3040 1
2846 0
4321 0
4732 0
2992 0
3273 1
3553 0
3209 1
2468 1
3940 0
4779 0
4704 0
4258 0
1554 0
4772 1
2544 1
4468 0
2063 1
2577 1
4591 1
2158 1
3907 1
587 0
2251 1
3527 1
4423 0
766 1
4053 0
4413 1
4338 1
371 1
1054 1
2273 0
1333 0
2617 0
4476 1
141 1
1839 0
3203 0
135 0
2985 0
36 1
3685 1
2831 0
2401 0
4988 0
4053 0
315 0
1864 0
233 0
277 1
1961 0
4444 0
2499 1
594 0
729 0
4897 1
35 0
2559 1
4385 0
1389 1
4084 0
4471 1
824 0
3752 1
3522 1
2118 1
2151 0
1988 0
1913 0
4989 0
3866 0
1112 0
1172 1
3121 1
1335 0
3986 1
4008 0
2522 0
1146 0
890 0
3007 0
2855 1
2275 1
1161 0
3778 0
4535 0
3740 1
2898 1
2022 1
3174 1
4585 1
1480 1
619 0
3426 1
2981 0
4137 0
28 0
3851 1
1836 1
548 0
219 1
962 0
3434 1
225 0
2584 1
165 0
1912 1
763 1
3351 1
2000 0
2561 1
1377 0
3130 0
2597 0
2945 1
3284 1
4580 0
2125 0
811 0
4822 0
3453 1
566 0
4336 1
4249 0
4575 0
1724 0
2387 1
1078 1
4682 0
3187 1
3173 1
792 0
3422 1
2120 1
2971 1
3981 1
4634 1
3143 1
4933 0
715 0
3642 1
1644 0
1893 1
4251 1
2751 1
554 0
1614 1
1382 0
1968 1
1974 0
3150 1
4069 0
3207 0
811 0
956 0
2648 1
318 0
3333 1
4719 0
138 0
2727 0
2451 0
4743 1
2082 0
40 0
708 0
2716 1
3679 1
3341 0
4063 1
2369 1
1600 1
3707 1
1250 1
222 0
3601 1
4784 0
3643 0
1238 0
2592 0
2486 0
821 0
4429 0
2477 0
342 0
1123 1
955 0
3102 1
4009 0
794 1
2092 1
2181 1
1800 0
2757 0
4254 1
2020 1
1 1
3295 0
3693 1
1256 0
3665 1
4451 1
1455 0
636 1
3258 0
1048 1
2177 1
4932 1
3110 1
4719 0
4390 0
457 1
933 1
1525 1
4526 1
1367 1
1512 0
2812 0
1076 0
1137 1
1230 1
3742 0
3119 0
89 1
1363 1
4945 1
4253 1
1496 0
508 1
2517 0
3506 0
4577 0
2407 0
4338 1
3542 1
522 1
4013 0
4533 0
4290 0
1065 1
783 0
2758 0
4117 0
1575 1
4979 0
4659 1
4329 1
4856 0
4331 0
2923 1
2374 0
3998 1
414 1
1223 1
4506 0
3062 1
1002 1
3030 0
2779 1
1097 1
49 1
3948 0
2698 0
170 1
703 0
1254 1
596 1
816 0
136 1
3419 0
2031 0
2636 1
3655 0
4505 0
1623 1
1897 0
4064 0
107 0
2354 1
143 1
1075 1
3838 1
4354 0
4034 1
3045 1
1837 0
3935 1
4462 0
1491 1
377 0
2274 0
3843 0
4472 0
3100 1
579 1
2588 1
2345 1
3326 1
2433 0
2542 1
1166 0
1907 1
1557 1
396 1
3041 1
3867 1
751 0
1654 0
3012 0
4755 0
702 1
1599 1
1474 1
1098 0
4990 1
739 0
725 0
3961 0
1720 1
3035 1
4186 1
1428 0
965 0
2866 0
4189 1
3922 1
2668 1
4290 1
1798 0
3051 0
1733 0
648 0
4140 0
1093 0
1671 0
1973 0
2383 0
2148 1
1484 0
3679 1
3987 1
3268 1
4474 0
798 0
651 1
765 0
343 1
1195 0
2375 0
344 1
4120 0
2609 0
720 1
1205 0
1123 0
1934 0
189 0
3117 1
4113 0
3639 0
469 0
3500 1
818 1
1649 1
4687 1
4944 0
663 1
1664 1
2310 1
2644 1
4105 0
4895 0
1132 1
309 1
3281 0
2713 0
4705 0
915 1
4965 0
1420 1
2262 1
3461 1
3918 1
2013 1
4346 1
2366 1
1939 0
449 1
2979 0
1021 0
2410 0
2714 1
2652 0
3990 0
3898 1
3623 0
1776 0
438 0
4913 1
979 1
4812 0
414 1
3312 1
1174 1
2973 1
3903 1
2282 1
3851 0
1599 1
256 0
3252 1
3010 0
3667 0
3427 0
2251 0
2839 1
4104 1
166 0
468 1
59 1
1240 0
177 0
1932 0
1161 1
1869 1
1733 0
3001 0
2854 0
4544 1
249 0
3392 0
1563 0
4046 0
1265 0
775 0
4308 1
1639 1
3242 1
4865 1
4806 0
3524 0
912 1
2636 1
4546 0
2752 1
1680 0
1939 0
4993 1
1326 0
1852 1
3934 0
1820 1
4701 0
496 0
817 1
356 0
4547 1
3571 1
1388 1
2067 0
616 0
1637 0
3344 0
4893 0
4240 1
4475 0
1961 1
100 0
2710 0
2580 1
3603 1
573 0
558 1
1685 0
4966 1
2438 1
2501 1
4491 1
2057 0
1867 1
2482 0
2176 1
3989 0
2458 1
576 0
2931 0
679 0
3682 1
4001 0
4535 0
473 0
903 0
3753 0
1523 1
1130 0
4812 0
2436 0
760 1
616 0
4477 1
960 0
3077 0
2264 1
4229 0
4831 1
2938 0
3443 1
982 0
1939 1
711 1
3599 0
4386 1
3864 0
3813 1
4716 0
3378 0
2050 1
3668 0
918 0
3284 0
4367 0
2406 0
2767 1
1358 0
3598 0
480 0
2594 0
4585 0
2716 0
3643 0
3040 1
812 0
4828 1
2109 1
83 1
2849 0
4320 1
3612 1
2700 0
850 1
2040 0
4849 0
3900 0
149 0
4185 0
1752 1
2166 0
20 0
3397 1
4093 0
1578 0
4282 0
1254 0
690 0
4217 0
1605 1
574 0
4948 0
3593 1
2442 0
3889 0
4059 1
4462 1
4402 0
3912 1
4044 1
4494 1
4093 0
2573 1
1054 0
4027 0
752 1
1818 0
1779 1
797 1
2245 0
1119 1
3446 0
3088 0
4794 1
399 0
196 1
4869 1
1993 1
1777 0
1937 0
3412 1
1758 0
4741 1
4698 0
4111 1
4281 0
952 1
2164 1
3279 0
3746 0
3501 0
4924 0
935 1
3517 0
4021 1
4869 1
848 1
368 0
2868 0
3832 1
4713 1
4914 0
3544 0
1059 1
3093 1
1854 0
1451 0
2668 0
1399 0
1451 1
4345 0
558 1
651 0
2135 1
2344 0
3203 0
1785 1
4076 0
2899 1
3505 0
2644 1
290 1
4841 1
2833 1
497 0
4366 0
3308 0
1387 1
2203 1
183 1
3547 0
4309 0
4207 1
3366 0
4872 0
803 0
3583 1
1611 1
1756 1
1018 1
1433 0
4799 0
1660 1
2757 1
2414 0
4763 1
2678 0
3997 1
3810 0
1696 0
588 1
2551 1
1296 0
3948 1
1311 0
3010 1
3054 0
1543 1
349 0
1282 1
2241 1
1428 1
2822 1
4509 0
2789 1
1666 1
1408 1
3901 0
4732 1
2109 1
1872 0
1492 0
2930 1
2345 1
3688 0
98 1
2377 0
3552 1
3303 1
3183 1
618 0
822 0
419 1
1083 1
1629 0
3899 1
4664 1
4779 0
1131 1
3577 1
4809 1
2100 0
1553 0
3738 1
66 1
2302 0
4475 0
4063 1
1904 0
2750 1
4690 1
3386 1
4745 1
3301 0
4346 1
695 1
3258 1
1342 0
3447 0
1021 1
4705 1
1902 1
503 1
1780 1
2463 0
2292 1
2532 0
4212 1
1548 0
4505 0
2097 0
50 1
2995 0
167 0
4176 0
2660 1
2215 0
766 1
1879 0
1478 0
4781 1
4199 1
801 0
2294 1
2278 1
4596 1
1999 0
1082 0
3742 0
492 0
3790 0
855 0
4066 0
77 1
1872 1
2991 1
1678 1
318 0
3307 0
2533 1
4411 1
2664 0
3127 0
460 1
4996 1
2491 1
457 1
2497 0
1321 0
3173 1
1833 1
1199 0
2412 1
3696 1
482 1
2656 1
4711 0
4008 0
418 0
1060 1
1773 1
1906 1
1898 1
4459 1
4681 0
2765 0
1501 0
1378 1
1833 0
984 1
2656 0
3561 1
1664 1
205 1
4741 1
3850 1
1169 0
98 1
2863 1
3991 0
4893 0
4058 1
2072 1
3012 1
1863 1
1221 1
341 0
1886 0
1407 0
441 0
1061 1
4015 0
2751 1
4354 0
2726 1
3158 0
1453 0
1719 1
4005 1
2430 1
80 1
1740 0
2489 1
3780 0
2071 1
1397 0
4864 0
3067 1
3582 1
3229 0
2118 1
280 1
1307 1
3448 1
1731 0
3886 1
3586 0
3585 1
4253 1
4972 0
2938 1
3513 0
4485 0
1769 1
353 0
728 1
4089 0
2394 1
4360 0
2062 1
4424 0
606 0
2926 0
438 0
4261 0
2560 0
4483 1
2706 0
4005 0
4740 0
826 0
4533 0
4180 1
1665 0
473 1
2335 0
1027 0
612 1
1190 0
189 1
4164 0
355 1
3823 0
320 1
3890 0
3539 0
3232 1
984 0
2704 1
3657 0
2728 0
4428 1
1638 0
413 0
3795 0
4632 1
4704 1
2959 0
4401 1
2709 1
1043 0
4360 1
2025 0
4391 0
4346 0
4260 0
393 0
3534 1
1432 1
4860 1
2253 0
3187 0
831 0
486 1
2129 1
1228 0
2147 0
3799 1
3637 0
255 1
1239 1
2761 0
4555 1
15 1
2946 1
2567 0
2071 0
2158 1
4604 0
4488 1
4895 0
1257 0
2657 0
3919 0
4598 0
1981 1
41 0
3821 0
3742 1
3288 0
64 1
3240 0
4313 0
1391 1
2098 1
3354 1
4299 1
388 0
1019 1
954 1
1186 1
4159 1
4030 0
3528 0
3169 0
812 0
4023 1
3074 0
2155 1
4957 0
3048 1
2599 1
626 1
2008 1
4999 0
4966 1
2250 1
2412 0
3458 0
404 1
4108 0
2565 1
1621 1
4171 1
2808 0
3031 0
143 0
908 1
4970 0
3766 1
2230 1
2506 0
2858 0
760 0
2211 0
648 1
3733 1
2155 0
1557 0
483 1
1807 0
4278 0
1849 0
4072 1
4454 0
3140 0
1571 0
2517 0
1916 1
3450 1
2146 0
3151 1
16 0
2585 1
2984 1
4994 1
2935 0
3094 0
810 0
2955 0
4 1
4653 0
4445 0
62 0
3151 0
3193 1
315 0
3880 1
4354 0
4608 1
887 0
2130 0
3875 0
1311 1
3742 0
2654 1
3066 1
4379 1
829 1
1577 0
657 1
1982 0
3819 0
4007 0
3680 1
1865 1
4570 1
1094 1
1924 1
834 0
4375 0
2117 1
2147 0
2657 0
4993 0
3309 1
1709 1
4327 1
2505 1
1407 0
4654 0
2105 0
3619 1
1725 1
3308 0
3914 0
3752 1
1477 0
232 0
228 1
4721 1
2228 0
180 0
1015 0
2595 0
224 1
2046 1
2826 0
3233 1
3913 1
3463 1
577 0
211 1
4468 1
3893 0
3372 0
4586 1
2749 0
4861 0
156 0
3891 0
1057 1
414 1
2955 1
4787 1
1540 0
1048 0
3170 1
1877 0
4406 0
39 1
2089 1
1084 0
2095 1
1306 0
3401 1
3984 0
2487 0
4694 0
4397 1
15 0
1787 0
760 0
27 1
300 0
1111 1
4917 0
1316 1
742 0
3298 1
3368 1
4950 0
3861 1
4455 1
584 0
2092 1
2494 0
4367 0
190 1
3595 0
2885 1
2182 0
611 0
155 0
966 1
2459 0
4208 1
4391 1
1199 0
4329 1
402 1
3734 1
301 0
3855 1
201 1
3686 0
1214 0
2240 1
2070 1
883 1
4904 0
75 0
2104 0
3533 1
1016 0
1438 1
4284 0
2020 1
978 1
1429 1
2382 1
1969 0
2335 1
1774 1
4308 1
1498 0
3704 0
4676 0
2392 0
1815 1
1072 1
2532 0
1129 0
1294 0
3131 1
4639 0
542 1
462 1
2170 0
4986 1
2598 1
3395 0
4411 0
4814 1
2634 1
2916 0
2586 0
1767 1
2704 1
2175 0
3488 1
2702 0
4776 0
3259 0
3105 1
2481 1
1082 1
4709 1
1653 1
3649 1
3856 1
697 0
3366 0
1509 0
1877 1
3258 1
1852 0
747 0
3181 0
1278 0
4956 0
3341 0
2341 0
4236 0
277 1
4633 1
2154 0
3279 0
4147 0
2943 0
1177 1
4094 1
1218 1
1009 1
1552 0
685 0
3752 0
250 1
4780 0
1439 1
1427 0
3246 0
2754 1
454 1
4017 1
4278 1
3655 0
4576 1
917 0
4272 1
578 1
329 0
1687 0
3127 1
4122 0
580 0
1990 0
4132 0
1703 0
2998 0
2040 0
3619 1
2000 0
1920 1
134 0
1739 0
3853 0
2746 0
1704 1
4711 1
3143 1
1377 1
469 1
1229 0
4151 1
1948 1
2855 0
3238 1
3764 0
477 0
2702 0
962 1
3340 0
3447 1
2285 0
872 0
1153 1
1913 0
1814 0
2850 1
74 1
3509 1
367 1
489 1
4610 0
4381 0
2238 1
220 0
1755 1
623 0
4530 1
820 1
2800 1
10 0
2227 0
3284 1
4011 1
1583 0
1244 0
1213 0
2094 0
871 0
3641 1
4910 0
1110 0
788 0
1085 0
4028 0
693 0
1204 1
4602 0
1574 0
2633 1
2048 0
4285 0
2436 1
1560 1
711 0
750 0
1950 1
3860 1
205 1
699 1
1535 1
2327 0
666 0
3580 0
3248 0
4454 0
2796 1
4910 0
119 1
4892 0
3025 0
2804 1
3855 0
418 1
666 0
998 1
215 0
2645 1
2960 0
2177 0
144 1
2856 0
1723 1
876 0
590 0
4024 1
2763 1
1294 0
2549 1
4735 1
1887 0
1769 0
1764 0
687 0
1992 0
932 0
848 0
1428 1
4259 1
765 1
4425 1
1168 0
674 1
1511 0
1880 0
1439 1
4684 0
3573 0
327 0
1172 1
4828 0
808 0
3597 0
951 0
893 0
410 1
4210 0
3859 0
1745 0
4460 1
4321 0
96 1
1812 1
454 1
4281 0
811 0
2787 1
2490 0
207 0
1944 1
1510 0
2772 0
285 1
3309 0
4706 1
2008 1
21 0
4384 0
2126 0
325 1
4169 0
3221 0
2755 0
4692 1
506 0
4064 0
343 0
1793 0
4819 0
2658 1
2871 0
4904 1
3123 1
1079 1
479 0
4360 0
2541 0
2956 0
2350 0
963 0
1989 1
2576 0
4567 1
2960 1
823 0
264 1
2989 1
2940 0
810 1
417 1
1775 1
3642 0
63 0
2317 1
1951 0
1621 0
4660 0
1272 1
1271 0
4966 1
3906 1
2142 1
3104 0
711 0
453 0
2907 0
3610 1
2897 1
4500 0
2439 1
1198 0
1743 0
2314 1
2790 0
4951 0
2033 1
691 1
2105 1
609 0
413 0
1649 1
4642 1
1222 1
284 0
1809 1
3525 0
4488 0
218 0
4635 0
3092 0
3469 1
3444 0
2004 1
660 1
1069 1
1379 0
2098 0
4329 1
1265 0
1747 1
3689 1
2435 1
1893 1
2684 1
2014 0
2467 1
2254 1
2347 0
4164 1
1872 0
1785 1
656 1
1977 0
4908 1
4600 0
4022 1
3281 1
4171 0
462 1
3055 0
2631 1
663 1
4138 1
4144 1
3722 0
1241 1
1971 1
2095 1
3235 1
4896 1
11 0
2477 0
1727 0
4819 1
4855 0
2370 0
1101 1
3724 0
100 0
4895 1
1588 0
2034 1
737 1
212 1
3837 0
1808 0
1730 1
4845 1
3637 0
1999 0
1594 1
2331 0
1458 1
4288 1
275 1
1734 1
4375 0
3126 0
4250 1
4085 1
4799 0
4639 0
4235 0
1339 1
1852 0
2717 1
1763 0
2495 0
2455 1
4781 0
22 1
945 1
1635 0
4509 1
3763 1
324 0
2193 0
2796 0
2152 0
653 1
1530 1
156 0
4771 1
2868 1
2138 1
1309 0
516 1
1557 1
4031 0
741 0
2365 1
412 0
3733 1
987 0
49 0
2595 1
1363 1
1225 1
1754 1
4714 0
3094 1
2404 0
982 1
3466 1
2731 1
4159 1
2976 0
1007 0
485 0
300 0
1339 1
4817 0
1998 1
189 0
136 1
348 1
927 0
4545 1
4417 1
3275 0
4922 0
4949 1
4710 1
2313 1
655 1
3433 0
1860 1
1049 0
4294 0
314 0
1142 0
1717 1
1118 1
3034 1
1978 1
387 1
1448 1
1152 0
3998 1
4058 1
2430 1
3000 0
742 1
4500 0
287 0
2171 1
3180 0
2554 0
1503 1
2537 0
3250 0
1735 0
965 1
2209 1
2704 1
969 0
110 1
776 1
3018 0
2241 1
1442 0
3791 0
1005 1
272 0
4638 1
2342 1
3437 1
3939 1
3316 0
718 0
119 1
2506 0
656 0
2435 0
3558 0
4684 0
1793 1
2326 0
2524 0
306 1
3111 1
2756 1
3078 1
2304 1
548 0
3767 1
1062 0
3601 0
4556 0
3097 1
2065 1
819 0
3960 0
3008 0
3448 0
2703 0
2315 1
4461 0
3507 1
3141 1
1139 0
2426 1
3182 0
272 1
3416 1
3558 1
3854 1
2043 0
227 1
2002 0
4718 0
2940 1
165 1
3779 0
518 0
431 1
1533 0
211 1
1590 1
158 0
204 0
3192 0
798 1
3224 1
287 0
2405 1
1284 1
3390 0
450 0
2826 0
3146 0
330 1
172 1
747 0
3728 1
3120 0
974 0
4342 0
2900 0
501 1
4144 1
896 1
2308 0
4583 1
512 1
1431 1
3371 1
3338 1
6 1
1657 0
1343 0
4018 1
3794 0
1793 0
2278 0
3937 1
2905 1
3204 0
1824 1
2973 0
1548 0
995 0
3870 0
4815 0
1123 1
315 0
2603 1
2487 1
4046 0
796 0
2927 1
2747 0
919 1
1046 1
90 1
1431 1
1128 1
2911 0
4465 0
2930 0
551 1
759 0
3931 0
2256 1
3879 0
653 0
4137 1
3990 0
704 1
503 1
1760 1
138 0
714 1
590 1
3479 1
3471 1
4470 0
4889 1
3829 1
2730 0
2901 0
866 1
3137 0
1151 1
1245 1
2340 0
3590 0
2246 0
1879 1
2187 1
4062 0
2094 0
4889 1
3286 0
1833 0
2778 0
2104 0
4477 1
4852 1
1787 0
3636 1
4104 0
4310 0
4234 1
539 1
4252 1
2079 0
3134 0
1034 0
2038 1
140 0
305 1
4812 1
3838 1
3116 1
763 0
2457 1
330 1
2569 0
4308 1
985 1
2710 0
1259 0
1385 1
4968 1
1512 1
944 0
3706 0
4305 0
1773 1
4522 0
4173 1
107 1
3746 1
1771 0
786 0
4319 0
2172 1
3397 1
4224 1
4685 1
4826 1
259 0
2737 0
1077 1
3337 1
3399 0
3930 1
4717 0
1184 0
3434 0
596 0
4522 0
1037 1
4030 1
1285 1
3702 1
2048 1
996 1
4877 1
648 0
376 0
2076 0
3907 1
4686 1
985 0
1117 1
3578 1
2054 1
3559 0
1229 0
3855 1
3659 1
245 1
2040 0
784 1
1041 0
4441 1
3170 0
2615 0
1143 0
33 0
2886 1
4251 0
931 0
2376 0
358 1
3443 0
3486 0
1377 0
2867 0
919 0
1026 0
3377 1
1412 0
1109 1
2297 0
1167 1
2458 1
1475 1
4581 1
1901 0
2786 0
310 0
3089 1
3150 0
1553 0
1216 0
2134 1
833 1
3290 0
2454 1
4437 0
3474 1
393 1
1636 0
1504 1
1266 0
2937 0
1914 0
968 0
3334 1
1838 0
4157 1
1848 0
3872 0
1933 0
3429 0
1300 1
4617 1
4556 1
3020 0
2494 0
1702 1
3567 0
2810 1
32 0
4760 1
3399 0
3548 1
3908 0
385 1
1450 0
3563 1
3421 0
2148 1
2137 0
389 1
2159 1
2767 0
3411 1
1613 1
4425 1
3018 0
291 0
3071 0
1690 0
1393 1
1326 1
4948 1
2193 0
4076 1
4969 1
1666 0
612 1
4206 1
2714 1
3819 0
3544 1
2668 0
1108 0
740 0
1900 1
3643 1
1146 1
4326 0
2040 1
4023 1
1924 1
1841 1
2827 1
1560 1
3218 1
385 0
4921 0
3302 1
146 0
179 0
3880 1
2977 0
118 0
3366 0
3411 1
1871 1
783 0
4224 0
1111 1
503 1
3868 1
3796 1
295 0
1170 1
3845 0
191 1
2877 1
2751 1
1825 0
2858 0
1211 1
3275 0
4794 0
604 1
989 0
2939 1
4701 1
1351 0
1537 1
3141 0
223 0
4459 0
2853 1
3800 0
1033 0
3970 0
4091 0
591 1
2450 1
2495 1
1359 0
2352 0
4873 1
3760 0
1225 1
4497 0
1586 0
2253 1
2519 1
470 0
415 0
3501 0
4390 0
4744 0
4343 1
2983 1
4025 0
4467 0
391 0
3012 0
129 1
4417 1
2818 0
2507 1
4075 1
1594 0
121 1
348 0
1891 0
4056 0
3683 0
4641 0
3728 1
4310 1
2337 1
2088 0
1184 1
1886 0
879 1
692 0
74 0
796 1
3733 0
2411 0
3941 0
914 0
4860 0
1685 0
1017 1
411 0
1022 1
4876 1
1708 0
3913 1
3859 1
2541 1
3243 1
1833 0
2186 0
1656 1
2064 1
103 0
4479 0
3216 0
488 0
2906 0
2479 0
1421 0
2249 1
1775 0
1292 1
1394 0
1710 1
2864 0
175 1
1375 0
3444 1
516 1
971 1
2475 1
3713 1
674 0
867 1
1732 0
3782 0
577 1
529 1
963 1
2902 1
2488 1
4700 1
1669 0
3046 0
3771 0
2271 0
1829 0
2979 1
3528 1
2303 1
3315 1
121 0
2512 0
3567 1
4241 1
3655 1
899 1
1945 0
4204 1
1106 1
361 1
574 1
713 1
1046 0
104 1
855 0
787 0
16 1
2978 0
3127 1
1405 0
301 0
1489 0
4873 1
3589 1
21 1
709 1
1142 0
3204 0
2016 1
3242 1
4433 1
3847 1
3680 1
4385 1
1749 1
3589 0
4447 1
648 0
3476 1
3004 1
3188 1
1796 0
1487 1
575 0
1014 1
1375 1
4198 1
2600 0
4752 0
1038 1
4129 1
4903 0
2410 1
4249 1
1141 1
736 1
2318 1
2716 1
3886 1
3661 0
3460 1
3051 0
2964 1
1888 0
3989 0
1922 0
258 1
1695 0
3729 0
4907 0
4549 0
1903 1
4529 1
2024 1
2910 0
4667 0
2075 0
380 1
4721 1
4107 1
2899 1
1829 1
4207 0
2178 0
2172 1
4158 1
4081 1
1292 0
2033 1
2025 1
355 0
4018 0
2114 0
3821 0
4371 0
547 1
310 0
3132 1
3605 0
3805 1
3748 1
203 1
376 1
1440 1
2516 1
3705 1
2862 1
3005 0
4825 0
1812 1
1107 1
4172 1
2440 0
2286 1
2615 1
3174 1
406 1
4192 0
2577 0
4544 1
450 1
4317 0
2324 0
4640 1
501 1
2698 0
164 0
729 0
4175 1
1 0
458 0
857 0
609 1
2998 0
2034 0
4632 0
3495 1
3500 1
2623 0
673 0
945 1
2436 0
2946 1
1418 1
3884 0
1615 0
2300 0
1558 1
3873 1
2448 1
1155 0
1095 1
2381 1
3174 0
2736 1
833 1
4923 1
2495 1
4139 0
1342 1
1686 1
3718 0
3133 0
3247 0
2537 1
618 1
4127 1
1048 0
2661 0
4217 1
4422 0
1782 1
1023 0
2214 0
3192 0
3186 0
4217 0
1568 0
3532 1
708 0
1863 0
2467 0
4392 1
203 1
4089 0
3802 1
2174 0
4208 1
4862 0
3360 0
2682 0
636 1
1154 0
601 0
3372 0
3460 1
3988 1
3929 0
2146 0
433 0
4904 1
2451 0
1172 0
1628 0
4434 0
1793 1
4238 1
1720 0
986 0
1430 0
1336 1
945 0
4874 0
1409 1
359 0
961 1
3782 0
46 0
72 0
2340 1
3014 1
680 0
1563 0
2644 1
2426 0
3259 0
3021 0
3143 0
430 0
1269 1
2746 0
109 0
642 1
2834 1
1829 1
4278 1
4308 0
2095 1
62 1
1124 1
2869 1
3955 1
1291 0
3787 0
1650 0
215 1
3638 0
3629 0
479 0
4051 0
2991 1
3503 1
4639 0
2227 0
3041 1
3543 1
439 0
3154 0
949 1
4804 1
3349 0
4700 1
1696 0
323 0
2498 1
2188 1
4056 0
492 0
3994 1
1102 0
2423 1
4299 0
4847 1
4592 0
2098 1
1100 1
769 0
138 1
1834 1
3697 0
1188 0
1173 1
4282 0
1645 0
737 1
3016 0
3744 1
2374 1
1120 1
740 0
2716 0
1369 1
3992 1
6 1
3321 0
2863 1
2294 1
1106 0
2055 1
2556 0
498 1
2305 0
4240 1
538 1
4350 0
1283 0
4470 1
3255 0
512 0
1993 1
4670 1
4695 0
246 1
1244 1
4905 0
2797 1
725 0
2350 0
2486 0
3031 0
1870 0
255 0
4671 0
2506 0
3124 0
369 0
709 0
1110 1
3570 0
960 1
3859 1
1582 0
1564 0
2254 0
4524 1
2238 0
2304 1
4086 1
2356 1
3511 0
2445 1
979 0
1649 1
1813 1
2148 1
1398 1
4234 1
1943 0
4617 0
1200 0
2187 1
3240 1
2284 1
4171 0
272 0
4177 1
2915 0
3575 1
4949 0
2488 1
865 1
4456 1
4572 0
898 1
3302 0
4683 1
3241 0
2685 0
2955 0
2870 1
890 1
3648 0
4907 1
1075 1
315 1
3306 0
154 1
1279 0
1867 1
3916 1
1980 1
2010 1
579 1
2099 0
1551 0
3113 0
4721 1
2600 1
1688 1
838 1
4942 0
4535 1
4611 1
1175 0
696 1
2999 0
1395 0
2898 0
1057 1
1861 1
2671 0
2755 1
4440 1
4726 0
1734 0
836 0
2412 1
4477 0
3890 1
3502 1
2096 0
2263 1
2864 1
3170 1
4215 1
4234 0
2709 1
1983 1
3696 1
2334 0
3625 0
4811 0
1245 0
4414 0
1293 0
4723 0
2122 0
937 0
1204 1
260 1
1842 0
9 0
2836 1
757 0
54 1
4667 0
2613 0
1070 1
1470 0
3995 0
4752 0
210 1
3408 1
3213 0
1607 1
2735 1
672 1
705 0
4738 1
2744 0
906 1
4824 0
4593 0
2379 0
2730 0
2884 1
2796 0
2062 0
4241 1
3521 0
2805 0
3354 1
353 1
4689 1
1874 1
2588 1
1197 0
2653 0
1011 0
910 1
4110 0
3928 0
3240 0
2166 0
322 1
2386 1
4648 0
2956 1
4800 1
2797 0
1430 1
2159 1
501 0
1122 0
1196 0
2958 0
3531 0
4916 1
581 1
1957 1
4122 0
382 0
84 0
1476 0
2335 1
4263 1
1010 0
2745 1
2587 1
728 1
3603 0
3146 0
1924 0
258 1
1497 1
1112 0
2911 0
2094 0
2536 0
4232 1
4195 1
4989 1
3974 0
773 1
657 1
3048 0
187 0
4099 1
609 1
2321 0
2924 1
1782 0
2632 1
184 0
151 0
1392 1
1968 1
2256 0
3171 1
3855 0
882 1
4440 1
4450 1
2237 1
4248 0
1221 1
4343 0
713 1
3233 1
3496 0
3017 0
435 1
3973 0
2279 0
3425 0
972 0
742 0
4433 0
304 0
4307 0
2580 0
4429 0
3532 0
251 1
3743 1
2854 1
4987 1
4450 0
2333 0
2456 1
568 0
2771 0
1545 0
2854 1
227 1
4105 1
4042 1
1083 0
1381 1
2044 1
1434 0
4590 0
891 0
3086 1
2122 1
1688 1
1675 1
353 0
4367 0
1421 0
1721 1
2402 1
414 1
4690 1
1172 0
3272 1
4336 0
1733 1
3255 1
4804 1
3066 0
4420 0
3655 0
4314 1
4334 0
2617 1
3967 1
3171 1
3505 1
2528 1
2299 1
3636 1
15 1
3214 0
2893 1
0 1
863 0
2053 1
4194 0
3894 0
4808 1
2288 1
2883 1
4508 0
1024 0
2417 1
541 0
1310 1
4127 0
179 0
247 1
4332 1
4600 1
3334 0
457 0
27 1
91 1
1744 0
4126 0
714 0
4641 0
4825 0
1890 1
2091 1
3363 1
742 1
2450 0
2426 0
2811 0
4901 1
692 0
4886 1
4947 1
3758 1
4235 0
575 0
308 0
1763 0
4239 0
920 0
2477 0
3917 0
1736 1
1034 1
4807 1
4168 1
3567 1
2635 0
2038 1
291 1
2217 0
2854 0
3970 1
1076 1
4823 0
3516 1
3658 1
4933 0
1481 1
2646 0
3255 0
4492 0
3573 1
3041 1
3520 0
4589 1
1903 1
967 1
3412 0
1787 1
4040 1
3240 1
440 1
797 1
1845 1
914 0
2962 0
4626 1
2533 1
3499 1
3704 0
846 1
1883 0
4184 1
3858 1
4882 0
330 1
4653 1
4000 1
396 1
1598 0
2297 0
3068 0
2448 1
2295 1
710 1
387 1
4310 0
3371 1
2565 1
2170 1
4183 1
3274 1
4624 1
640 0
4472 0
4035 0
3151 1
1398 1
409 1
2898 1
2397 1
380 1
555 1
1554 0
3684 1
4623 0
2578 0
3057 0
2877 1
4926 1
3639 1
3175 0
2417 1
93 0
971 1
3001 0
2628 0
1427 1
3485 0
359 0
4411 1
2742 1
585 1
1895 0
3552 1
3515 1
3487 1
1686 0
2616 1
2786 1
1123 1
3307 1
4169 1
991 1
4069 0
2529 0
2685 1
1821 0
3774 0
4436 0
3241 0
869 0
2347 1
336 1
687 0
4903 0
3910 0
4617 1
2945 0
4790 0
3311 1
1846 0
294 1
1971 0
1439 1
4098 1
2063 0
4113 0
227 0
726 0
2572 1
428 0
3839 0
2266 1
654 0
1503 1
728 0
2666 0
1073 1
2795 1
3748 1
3546 0
4565 1
222 1
3461 0
2059 0
2929 0
2516 1
2534 0
1258 0
3191 1
4858 1
167 0
1293 1
3513 0
106 1
3686 0
3073 1
4015 0
3044 1
1948 0
3511 0
3944 1
4351 0
3514 1
2370 1
1074 0
1976 0
1104 1
3835 1
62 1
3231 0
3945 0
1999 0
3656 0
1789 1
1500 0
3187 0
384 0
4626 0
4499 0
1955 1
577 1
3167 1
4904 0
2651 0
2295 0
66 0
3538 0
1905 1
4814 0
4152 0
1699 1
4462 1
4877 0
2333 0
2436 0
1301 1
923 1
1047 1
2823 0
3498 1
932 0
2711 0
3334 0
3017 0
4663 1
814 0
860 0
4797 1
716 0
4169 1
2770 1
2518 1
2644 1
2224 1
3615 0
1938 1
1991 0
370 1
618 1
4826 1
3261 0
4347 1
3621 0
2563 1
1274 0
194 0
4907 1
4089 1
2630 0
3019 0
4740 1
793 1
959 1
3409 0
2255 1
4563 0
227 1
989 0
3055 0
4538 0
2989 0
1078 0
3797 0
448 0
4186 1
4026 0
4776 1
2010 0
3687 1
1370 0
3654 1
1458 1
1196 1
4082 0
3704 0
1286 1
4704 0
4589 0
3884 1
1282 0
1208 0
3349 1
2831 1
777 0
2130 1
3812 0
3080 0
2369 1
422 1
4881 0
1423 1
2171 0
1235 0
2334 0
4502 0
894 0
1628 1
4399 1
954 0
2330 0
2323 0
1572 0
469 0
1033 1
393 0
1369 1
4785 0
649 0
1652 1
2492 0
4303 1
3217 1
334 0
1742 1
2793 0
2077 0
2919 0
3224 0
2592 1
631 1
2875 0
2506 0
1892 1
33 0
3842 1
1051 1
3616 0
428 1
4588 1
2944 1
2595 1
202 0
23 0
254 1
4036 1
3305 1
4237 1
924 1
3023 1
1026 1
1186 1
1363 1
401 1
1458 1
314 0
75 0
775 1
4776 1
1407 1
1118 1
3620 1
2355 0
4291 1
339 0
1940 1
1883 0
2498 0
633 1
2742 1
4241 0
2845 0
2318 1
2297 1
2124 0
3478 0
4148 0
370 1
2660 1
3838 0
4679 0
2069 0
256 0
1161 0
3819 1
4333 0
3311 1
3728 0
3504 1
2725 0
1082 1
1574 0
1005 0
789 0
4309 1
3018 0
405 1
1903 1
1007 0
1551 1
1967 1
4239 0
768 0
2260 0
345 1
2604 1
3892 0
4361 0
179 0
1268 0
1129 0
4829 0
2077 0
3548 1
1148 1
4264 1
3688 1
1097 0
2823 0
80 1
4695 0
3652 0
919 0
4838 0
868 0
1938 0
3096 1
3532 1
1203 0
4610 1
3532 0
1818 0
82 0
3029 1
2626 1
130 1
3498 1
2261 1
3149 1
1867 1
909 1
1015 1
3277 0
531 0
4332 1
4536 0
3072 0
2789 0
1974 0
3763 0
1631 0
3274 1
2677 1
2250 0
3987 1
1195 0
627 1
254 0
815 1
2440 1
4982 0
716 0
4683 1
2560 1
675 0
1258 0
218 0
140 1
1419 0
1425 0
4212 0
303 1
2535 1
1447 0
4046 1
4850 0
864 0
3435 1
423 1
3556 0
3671 0
1108 1
2050 0
4488 0
4991 1
3876 1
4886 1
394 1
2440 1
772 0
2080 0
1867 0
2540 0
1195 1
4001 0
413 1
918 1
2914 1
474 1
1439 1
3316 1
1020 0
2199 0
624 1
959 0
2478 1
4722 1
3688 0
3703 1
1577 0
987 0
377 0
2567 0
1227 1
695 0
3506 1
685 0
3566 0
2292 0
3876 1
4642 0
2643 0
3403 1
2978 0
2566 1
1162 0
601 0
1812 0
1184 1
1210 1
2057 0
2242 0
1947 0
3331 1
4054 1
195 0
4913 0
4412 0
521 0
4478 1
1001 0
2993 0
3532 1
1123 0
2844 1
2947 1
3401 0
1700 0
3702 1
2292 1
3590 1
2805 1
325 0
875 0
2312 1
1637 0
993 1
1268 0
788 1
594 1
1076 0
1238 0
84 0
1178 0
4321 0
4247 1
957 1
4118 0
1975 1
1184 1
1698 0
3953 0
3805 0
4922 1
3965 0
4578 0
4058 1
872 0
2811 0
4281 1
1873 0
2748 0
1933 1
3169 0
4564 1
4548 1
3527 1
3011 0
1427 1
4630 1
3449 0
3139 0
2729 1
4354 1
2413 1
378 0
3516 0
1173 1
2697 0
2062 0
47 0
1229 1
2815 0
3611 1
2173 1
2340 0
3802 1
2186 1
842 1
4776 1
1528 0
246 0
3281 1
3198 0
2113 0
4592 0
3222 1
3439 1
1413 1
2984 0
1644 0
3265 0
2155 1
3330 1
3344 0
3957 1
4613 1
2621 0
3326 1
1576 1
3783 1
303 1
4694 1
747 0
3498 1
2398 0
408 1
589 1
2467 1
3265 1
4729 0
2036 0
4129 0
3588 1
1829 1
598 1
2686 1
3970 0
2348 1
4840 0
4801 1
2341 1
4254 0
1828 1
3201 1
237 0
3667 1
3625 0
3283 1
2955 1
82 1
3430 0
2159 0
2853 1
4822 1
3058 1
2636 1
3888 1
4681 0
1316 0
810 1
3516 1
179 1
1330 0
2059 1
1279 1
4191 1
1262 0
4814 1
4913 0
3160 1
1963 1
4722 1
4040 1
1567 0
4989 1
4614 0
911 1
1999 1
959 0
2878 1
1200 1
4652 0
1123 0
2929 1
1806 1
360 1
3238 1
4620 0
838 0
1691 0
1269 1
686 0
2450 1
773 1
1744 0
4704 0
2073 1
3110 1
175 1
586 0
3480 0
2103 1
2381 0
1701 0
616 0
1752 1
1049 0
418 1
123 1
4613 1
1195 1
3867 1
26 1
4170 0
3016 0
4888 1
2054 1
920 0
67 1
360 1
2366 0
3921 1
4550 1
3267 1
3234 0
597 0
3549 0
403 0
1442 1
1482 0
2033 0
3659 1
1065 1
4875 1
3553 1
3168 1
3699 1
4334 1
2780 1
627 1
3185 0
1797 1
688 0
3015 0
4477 1
4293 0
3571 0
1949 0
236 1
2121 1
4764 0
2412 0
3731 0
3065 0
2052 0
3879 1
4916 0
3324 1
4228 1
439 1
3540 0
1567 1
1741 0
3100 1
3045 1
3470 0
1863 0
3978 1
3980 1
3459 0
2088 0
3974 0
3014 0
313 0
1342 1
3651 0
3189 0
4698 0
86 0
3259 0
723 1
3646 1
3963 0
4534 0
1019 1
1680 1
1683 0
1464 1
2953 1
995 1
234 0
1881 0
1216 1
4706 0
729 0
2138 1
1047 0
1744 1
1112 0
4307 0
1975 1
239 0
1642 1
1059 1
1185 0
1594 1
3052 1
1195 0
1407 0
1922 0
220 1
1293 1
2549 1
2630 0
667 1
794 0
4277 1
4004 1
1793 1
3218 0
3469 0
749 1
4639 1
2141 0
551 0
887 1
4477 0
1094 0
1570 1
2040 1
3366 0
2584 1
1572 0
4914 1
3004 0
2695 1
4296 0
699 0
4445 0
2686 0
4608 1
4823 1
2106 0
3816 0
995 0
3617 1
43 1
3357 1
4142 1
2684 0
4108 1
1323 0
1527 0
3692 1
2567 1
3673 1
1304 1
2613 0
767 1
3438 0
3637 0
2475 0
3257 0
2999 1
1808 1
2249 0
2414 1
672 0
3299 1
1267 0
2096 0
746 0
4789 1
3163 0
2492 1
3670 1
9 0
1162 1
4682 1
3370 0
1197 0
3758 1
1897 1
257 0
148 0
3767 0
4169 1
3348 0
576 1
867 0
4465 1
4197 0
3387 1
1797 0
873 0
912 0
3492 1
3385 1
1806 1
1937 0
2871 0
1902 0
1569 0
2351 1
3114 0
213 1
459 1
1109 1
2474 1
1917 1
4427 1
3121 1
204 1
3308 0
2854 1
1668 1
2302 0
2766 1
173 1
3721 1
1039 0
4922 0
1049 1
1697 0
3938 0
3223 1
4148 1
2636 0
556 0
4067 0
3894 1
4135 0
2010 1
4123 1
4722 0
3174 1
1779 0
4964 0
479 1
2704 0
1628 0
487 0
3625 0
2832 1
1772 1
3943 0
3987 0
918 1
2684 0
4532 0
2886 0
872 1
2154 0
198 1
2497 0
4755 1
182 1
1253 1
4719 0
4340 1
2337 1
1214 0
2714 0
3673 0
3526 1
4156 1
3615 0
3782 1
2216 0
1107 0
3235 0
191 1
1105 1
4929 0
3235 1
20 0
3905 0
3249 1
3366 0
4721 1
1480 1
4658 1
1610 0
2217 0
125 0
1244 0
538 0
4481 0
585 0
3820 0
1384 0
744 1
1426 1
4612 1
916 1
4390 0
914 0
195 0
192 0
4055 1
3440 1
1381 1
4439 1
1975 0
1625 1
1548 1
3692 1
4650 0
2638 0
2615 0
4947 1
3654 0
2405 0
1090 0
3966 1
619 1
1797 1
2738 0
2864 1
3965 1
3212 1
203 0
4158 1
3375 1
468 0
3055 1
4348 0
333 1
3264 0
2055 0
2921 1
4637 0
4676 1
3659 0
4792 0
4733 1
3137 0
1261 0
2494 0
1797 0
3331 0
2433 1
2914 1
784 0
4191 0
4761 0
1867 0
4535 1
4478 0
1787 0
818 0
3627 1
4161 1
3955 1
3581 0
2321 0
1957 0
4591 1
2521 0
3754 0
920 1
1529 1
617 0
2034 1
610 1
718 0
4397 1
4439 0
1938 1
1565 0
1851 0
3784 0
3641 0
2736 0
1456 0
579 0
2709 0
4219 0
876 1
1126 0
2778 0
1970 1
3893 1
2086 0
2508 1
4056 0
3890 0
872 1
3920 0
1397 0
1450 0
456 1
3140 1
190 0
2280 0
3206 0
864 0
3586 1
4290 0
4645 0
2027 1
2510 1
4246 1
1152 0
1991 0
4895 0
3582 1
3953 1
1379 1
2091 1
1811 0
1422 1
4530 0
137 0
4736 0
619 1
4836 1
4033 0
2864 1
2248 0
1791 1
1002 0
3847 1
3449 0
1803 0
1589 0
4894 1
3994 1
2075 1
3245 1
3913 0
4927 1
4698 0
4183 0
3201 0
122 1
1279 0
3071 0
3784 0
3056 1
4764 0
553 1
1713 1
436 1
30 1
3304 0
1602 1
397 0
4895 1
1566 1
3717 1
794 0
517 1
1475 1
3089 1
1240 1
1881 0
216 1
2693 0
3736 0
3390 0
4372 0
1624 1
2644 1
2054 0
2320 1
3603 0
3472 1
4683 1
4774 0
2182 1
3330 0
4161 0
2659 0
1903 1
2282 1
3435 0
1637 1
4128 1
4283 0
1195 1
4658 1
2422 0
1624 1
781 0
1230 1
117 0
2027 0
810 0
3837 1
3785 1
710 1
478 1
4984 0
4332 1
2140 0
2223 0
4383 1
1280 1
4454 1
109 0
25 1
2948 0
2209 1
4443 0
4176 0
4870 1
3153 0
3586 0
4954 1
3757 0
1151 0
245 0
3329 1
2893 0
3587 0
1172 0
933 1
3368 1
584 1
1893 0
3744 1
999 1
3463 0
1387 1
209 1
1864 0
3829 1
3246 1
4986 1
3999 1
1845 1
3537 1
644 0
4978 0
3773 1
2341 1
4987 0
767 0
4278 0
4572 1
3 0
2199 1
4897 1
48 1
2936 1
4809 0
4218 0
265 1
4308 1
3795 0
3466 0
1951 1
2181 0
960 1
2577 0
2299 0
3320 0
4117 1
1296 1
804 0
3212 1
1718 1
1664 1
1350 0
4930 1
4054 1
3986 0
4554 1
76 0
330 1
2398 1
1586 0
4832 1
1639 0
1221 0
3064 1
4409 1
4568 1
822 0
3398 1
3768 0
1854 0
1162 0
1625 1
4627 1
1596 1
937 0
4096 1
238 1
4601 1
4531 1
3596 1
1504 1
2718 1
1787 0
4432 1
1273 0
2365 1
398 0
1378 1
2298 1
3403 1
2509 1
3060 1
938 1
1910 0
3030 1
2115 1
1376 1
4566 1
2302 0
1423 1
1636 0
2362 0
4131 1
3412 1
1716 1
3720 1
666 0
4677 0
793 1
4778 1
3446 1
1062 0
4431 0
690 1
978 1
1660 0
2253 0
2353 0
2763 1
1869 1
2580 1
1409 0
3721 0
3906 0
4025 1
1042 0
3282 0
4998 1
4085 0
798 1
505 0
382 1
1481 1
1847 0
3500 1
1428 0
2010 1
3382 0
3923 0
2950 0
2325 0
3124 0
3801 1
4673 0
1515 0
4301 1
4282 1
1132 1
3770 1
2712 0
4400 0
1054 1
3329 0
3495 0
1725 1
2904 0
3142 1
2362 1
3208 0
1181 1
212 0
3096 0
2870 0
2962 0
3560 0
263 0
2518 1
2075 1
2106 0
4451 1
4720 1
585 0
2440 0
1157 0
2688 0
372 0
524 0
98 0
4049 0
2739 1
1438 0
4625 0
671 1
4803 1
3623 0
2960 1
666 0
1205 0
4198 0
3755 0
1052 1
2490 1
299 0
2675 0
3353 0
4661 1
1120 1
100 0
2340 1
921 1
1862 0
4307 0
1484 0
634 0
579 1
272 1
1220 0
912 0
4406 0
2220 1
1706 0
3903 1
3873 1
2323 1
258 0
2176 0
4830 1
1000 0
4700 1
4700 1
2376 0
3262 1
1790 1
1469 1
467 1
308 1
3275 1
2704 0
4566 1
3361 1
976 0
4649 0
4725 0
4825 1
2285 1
1056 1
2202 1
962 0
4846 1
1541 1
2473 0
190 0
2413 1
4249 0
626 0
4509 0
4500 0
3761 0
1160 0
3 1
4463 0
811 1
1731 1
3362 1
557 1
4594 0
3105 0
1482 1
1735 1
203 0
4694 0
3964 0
222 1
4772 1
4015 0
1180 1
836 1
2848 1
1469 0
1848 0
2466 0
2760 1
3930 0
2442 0
4974 1
3028 0
61 0
214 0
2422 1
3019 1
1115 1
1268 1
3895 1
2222 0
1679 0
3742 1
1864 0
1069 0
744 1
1460 0
2509 0
3090 0
4185 1
4206 1
4644 1
4396 1
4129 1
1766 0
2486 0
1092 1
4410 0
4663 0
2688 0
3420 0
595 1
3207 0
2073 1
2027 0
954 1
569 0
1163 0
4061 0
4687 1
1020 1
1167 0
2690 1
3298 1
4555 0
3085 0
2122 1
561 1
3137 0
2979 0
1597 1
4102 0
884 1
1188 1
1909 1
3477 1
4400 0
1393 1
2926 1
796 1
3381 0
3161 1
267 0
3537 0
4061 0
1273 0
1801 1
1880 1
1992 1
335 1
296 0
4534 1
4808 1
4492 0
3322 0
2920 1
3226 1
4910 1
1156 1
4602 1
1315 1
2227 1
3954 1
2154 0
3528 1
1199 1
2653 1
2578 0
3012 0
2900 0
1414 0
741 1
4606 1
838 0
451 0
2331 0
4019 0
4883 1
1369 0
1623 0
879 0
2779 1
1259 1
2347 1
3779 1
3309 1
3772 0
2538 0
2406 1
492 1
169 1
975 1
85 1
1218 0
601 0
4056 0
3368 1
13 0
2192 0
1603 1
312 1
3869 0
1667 1
3814 1
1136 0
1930 0
3481 0
4551 0
1469 1
1372 0
4963 1
3550 0
2264 0
2960 1
3628 1
4484 0
2180 1
728 0
2465 0
2921 1
3848 0
2611 1
462 0
2247 1
2932 0
4001 1
1753 1
1227 1
3819 1
1178 0
1455 1
4092 1
1720 1
2483 1
4363 1
4139 0
2961 0
3245 1
3913 1
354 1
1817 1
1092 0
3258 0
3939 0
4211 0
2230 0
3485 0
654 1
2495 1
743 1
1246 0
2775 1
1632 0
2630 1
4217 0
3742 0
3691 1
956 0
3507 0
380 0
4070 0
3385 1
284 1
4112 0
3528 1
991 1
4737 0
3982 0
1138 1
3267 0
2301 0
4094 1
3197 1
4295 0
4003 1
4422 1
4989 1
1980 1
3198 0
4405 1
2300 0
4206 1
514 0
4759 1
2505 1
1065 1
2741 1
800 0
2914 1
3994 1
1122 0
1342 1
3928 0
2736 0
767 0
1557 1
3890 1
104 1
1656 0
114 1
